[pTmin, pTmax]; [cosmin, cosmax]: data entries / mc entries

[3.87472, 4.19761]; [-0.9, -0.85]: 0 / 0
[3.87472, 4.19761]; [-0.85, -0.8]: 0 / 0
[3.87472, 4.19761]; [-0.8, -0.75]: 0 / 0
[3.87472, 4.19761]; [-0.75, -0.7]: 0 / 0
[3.87472, 4.19761]; [-0.7, -0.65]: 0 / 0
[3.87472, 4.19761]; [-0.65, -0.6]: 0 / 0
[3.87472, 4.19761]; [-0.6, -0.55]: 0 / 0
[3.87472, 4.19761]; [-0.55, -0.5]: 0 / 0
[3.87472, 4.19761]; [-0.5, -0.45]: 0 / 0
[3.87472, 4.19761]; [-0.45, -0.4]: 0 / 0
[3.87472, 4.19761]; [-0.4, -0.35]: 0 / 0
[3.87472, 4.19761]; [-0.35, -0.3]: 143 / 18
[3.87472, 4.19761]; [-0.3, -0.25]: 5755 / 777
[3.87472, 4.19761]; [-0.25, -0.2]: 22791 / 3095
[3.87472, 4.19761]; [-0.2, -0.15]: 48025 / 6737
[3.87472, 4.19761]; [-0.15, -0.1]: 84359 / 11683
[3.87472, 4.19761]; [-0.1, -0.05]: 111153 / 15654
[3.87472, 4.19761]; [-0.05, 0]: 122527 / 17160
[3.87472, 4.19761]; [0, 0.05]: 122686 / 17328
[3.87472, 4.19761]; [0.05, 0.1]: 111346 / 15736
[3.87472, 4.19761]; [0.1, 0.15]: 83453 / 11794
[3.87472, 4.19761]; [0.15, 0.2]: 48191 / 6643
[3.87472, 4.19761]; [0.2, 0.25]: 22718 / 3240
[3.87472, 4.19761]; [0.25, 0.3]: 5881 / 831
[3.87472, 4.19761]; [0.3, 0.35]: 165 / 16
[3.87472, 4.19761]; [0.35, 0.4]: 0 / 0
[3.87472, 4.19761]; [0.4, 0.45]: 0 / 0
[3.87472, 4.19761]; [0.45, 0.5]: 0 / 0
[3.87472, 4.19761]; [0.5, 0.55]: 0 / 0
[3.87472, 4.19761]; [0.55, 0.6]: 0 / 0
[3.87472, 4.19761]; [0.6, 0.65]: 0 / 0
[3.87472, 4.19761]; [0.65, 0.7]: 0 / 0
[3.87472, 4.19761]; [0.7, 0.75]: 0 / 0
[3.87472, 4.19761]; [0.75, 0.8]: 0 / 0
[3.87472, 4.19761]; [0.8, 0.85]: 0 / 0
[3.87472, 4.19761]; [0.85, 0.9]: 0 / 0

[4.19761, 4.5205]; [-0.9, -0.85]: 0 / 0
[4.19761, 4.5205]; [-0.85, -0.8]: 0 / 0
[4.19761, 4.5205]; [-0.8, -0.75]: 0 / 0
[4.19761, 4.5205]; [-0.75, -0.7]: 0 / 0
[4.19761, 4.5205]; [-0.7, -0.65]: 0 / 0
[4.19761, 4.5205]; [-0.65, -0.6]: 0 / 0
[4.19761, 4.5205]; [-0.6, -0.55]: 0 / 0
[4.19761, 4.5205]; [-0.55, -0.5]: 0 / 0
[4.19761, 4.5205]; [-0.5, -0.45]: 0 / 0
[4.19761, 4.5205]; [-0.45, -0.4]: 0 / 0
[4.19761, 4.5205]; [-0.4, -0.35]: 75 / 12
[4.19761, 4.5205]; [-0.35, -0.3]: 4596 / 587
[4.19761, 4.5205]; [-0.3, -0.25]: 18957 / 2481
[4.19761, 4.5205]; [-0.25, -0.2]: 41628 / 5221
[4.19761, 4.5205]; [-0.2, -0.15]: 71628 / 9041
[4.19761, 4.5205]; [-0.15, -0.1]: 94507 / 11984
[4.19761, 4.5205]; [-0.1, -0.05]: 110588 / 14104
[4.19761, 4.5205]; [-0.05, 0]: 120324 / 15610
[4.19761, 4.5205]; [0, 0.05]: 120192 / 15633
[4.19761, 4.5205]; [0.05, 0.1]: 111130 / 14085
[4.19761, 4.5205]; [0.1, 0.15]: 94213 / 12033
[4.19761, 4.5205]; [0.15, 0.2]: 71672 / 9141
[4.19761, 4.5205]; [0.2, 0.25]: 41179 / 5260
[4.19761, 4.5205]; [0.25, 0.3]: 19103 / 2439
[4.19761, 4.5205]; [0.3, 0.35]: 4588 / 620
[4.19761, 4.5205]; [0.35, 0.4]: 77 / 11
[4.19761, 4.5205]; [0.4, 0.45]: 0 / 0
[4.19761, 4.5205]; [0.45, 0.5]: 0 / 0
[4.19761, 4.5205]; [0.5, 0.55]: 0 / 0
[4.19761, 4.5205]; [0.55, 0.6]: 0 / 0
[4.19761, 4.5205]; [0.6, 0.65]: 0 / 0
[4.19761, 4.5205]; [0.65, 0.7]: 0 / 0
[4.19761, 4.5205]; [0.7, 0.75]: 0 / 0
[4.19761, 4.5205]; [0.75, 0.8]: 0 / 0
[4.19761, 4.5205]; [0.8, 0.85]: 0 / 0
[4.19761, 4.5205]; [0.85, 0.9]: 0 / 0

[4.5205, 4.8434]; [-0.9, -0.85]: 0 / 0
[4.5205, 4.8434]; [-0.85, -0.8]: 0 / 0
[4.5205, 4.8434]; [-0.8, -0.75]: 0 / 0
[4.5205, 4.8434]; [-0.75, -0.7]: 0 / 0
[4.5205, 4.8434]; [-0.7, -0.65]: 0 / 0
[4.5205, 4.8434]; [-0.65, -0.6]: 0 / 0
[4.5205, 4.8434]; [-0.6, -0.55]: 0 / 0
[4.5205, 4.8434]; [-0.55, -0.5]: 0 / 0
[4.5205, 4.8434]; [-0.5, -0.45]: 0 / 0
[4.5205, 4.8434]; [-0.45, -0.4]: 4 / 1
[4.5205, 4.8434]; [-0.4, -0.35]: 2581 / 279
[4.5205, 4.8434]; [-0.35, -0.3]: 13888 / 1663
[4.5205, 4.8434]; [-0.3, -0.25]: 32300 / 3711
[4.5205, 4.8434]; [-0.25, -0.2]: 57194 / 6595
[4.5205, 4.8434]; [-0.2, -0.15]: 75372 / 9005
[4.5205, 4.8434]; [-0.15, -0.1]: 86824 / 10168
[4.5205, 4.8434]; [-0.1, -0.05]: 94616 / 10992
[4.5205, 4.8434]; [-0.05, 0]: 98146 / 11592
[4.5205, 4.8434]; [0, 0.05]: 97340 / 11624
[4.5205, 4.8434]; [0.05, 0.1]: 94364 / 11190
[4.5205, 4.8434]; [0.1, 0.15]: 86558 / 10048
[4.5205, 4.8434]; [0.15, 0.2]: 74875 / 8738
[4.5205, 4.8434]; [0.2, 0.25]: 56969 / 6746
[4.5205, 4.8434]; [0.25, 0.3]: 32143 / 3715
[4.5205, 4.8434]; [0.3, 0.35]: 13828 / 1632
[4.5205, 4.8434]; [0.35, 0.4]: 2614 / 293
[4.5205, 4.8434]; [0.4, 0.45]: 7 / 1
[4.5205, 4.8434]; [0.45, 0.5]: 0 / 0
[4.5205, 4.8434]; [0.5, 0.55]: 0 / 0
[4.5205, 4.8434]; [0.55, 0.6]: 0 / 0
[4.5205, 4.8434]; [0.6, 0.65]: 0 / 0
[4.5205, 4.8434]; [0.65, 0.7]: 0 / 0
[4.5205, 4.8434]; [0.7, 0.75]: 0 / 0
[4.5205, 4.8434]; [0.75, 0.8]: 0 / 0
[4.5205, 4.8434]; [0.8, 0.85]: 0 / 0
[4.5205, 4.8434]; [0.85, 0.9]: 0 / 0

[4.8434, 5.16629]; [-0.9, -0.85]: 0 / 0
[4.8434, 5.16629]; [-0.85, -0.8]: 0 / 0
[4.8434, 5.16629]; [-0.8, -0.75]: 0 / 0
[4.8434, 5.16629]; [-0.75, -0.7]: 0 / 0
[4.8434, 5.16629]; [-0.7, -0.65]: 0 / 0
[4.8434, 5.16629]; [-0.65, -0.6]: 0 / 0
[4.8434, 5.16629]; [-0.6, -0.55]: 0 / 0
[4.8434, 5.16629]; [-0.55, -0.5]: 0 / 0
[4.8434, 5.16629]; [-0.5, -0.45]: 0 / 0
[4.8434, 5.16629]; [-0.45, -0.4]: 902 / 81
[4.8434, 5.16629]; [-0.4, -0.35]: 8638 / 932
[4.8434, 5.16629]; [-0.35, -0.3]: 22958 / 2429
[4.8434, 5.16629]; [-0.3, -0.25]: 43287 / 4666
[4.8434, 5.16629]; [-0.25, -0.2]: 57786 / 6260
[4.8434, 5.16629]; [-0.2, -0.15]: 67096 / 7206
[4.8434, 5.16629]; [-0.15, -0.1]: 73478 / 8012
[4.8434, 5.16629]; [-0.1, -0.05]: 74864 / 8047
[4.8434, 5.16629]; [-0.05, 0]: 75109 / 8092
[4.8434, 5.16629]; [0, 0.05]: 75586 / 8056
[4.8434, 5.16629]; [0.05, 0.1]: 75166 / 8091
[4.8434, 5.16629]; [0.1, 0.15]: 73325 / 7979
[4.8434, 5.16629]; [0.15, 0.2]: 67372 / 7223
[4.8434, 5.16629]; [0.2, 0.25]: 57966 / 6191
[4.8434, 5.16629]; [0.25, 0.3]: 43291 / 4630
[4.8434, 5.16629]; [0.3, 0.35]: 23248 / 2517
[4.8434, 5.16629]; [0.35, 0.4]: 8730 / 926
[4.8434, 5.16629]; [0.4, 0.45]: 836 / 103
[4.8434, 5.16629]; [0.45, 0.5]: 0 / 0
[4.8434, 5.16629]; [0.5, 0.55]: 0 / 0
[4.8434, 5.16629]; [0.55, 0.6]: 0 / 0
[4.8434, 5.16629]; [0.6, 0.65]: 0 / 0
[4.8434, 5.16629]; [0.65, 0.7]: 0 / 0
[4.8434, 5.16629]; [0.7, 0.75]: 0 / 0
[4.8434, 5.16629]; [0.75, 0.8]: 0 / 0
[4.8434, 5.16629]; [0.8, 0.85]: 0 / 0
[4.8434, 5.16629]; [0.85, 0.9]: 0 / 0

[5.16629, 5.48918]; [-0.9, -0.85]: 0 / 0
[5.16629, 5.48918]; [-0.85, -0.8]: 0 / 0
[5.16629, 5.48918]; [-0.8, -0.75]: 0 / 0
[5.16629, 5.48918]; [-0.75, -0.7]: 0 / 0
[5.16629, 5.48918]; [-0.7, -0.65]: 0 / 0
[5.16629, 5.48918]; [-0.65, -0.6]: 0 / 0
[5.16629, 5.48918]; [-0.6, -0.55]: 0 / 0
[5.16629, 5.48918]; [-0.55, -0.5]: 0 / 0
[5.16629, 5.48918]; [-0.5, -0.45]: 108 / 12
[5.16629, 5.48918]; [-0.45, -0.4]: 4288 / 440
[5.16629, 5.48918]; [-0.4, -0.35]: 14909 / 1439
[5.16629, 5.48918]; [-0.35, -0.3]: 31693 / 3082
[5.16629, 5.48918]; [-0.3, -0.25]: 44135 / 4384
[5.16629, 5.48918]; [-0.25, -0.2]: 52192 / 5234
[5.16629, 5.48918]; [-0.2, -0.15]: 56462 / 5681
[5.16629, 5.48918]; [-0.15, -0.1]: 57958 / 5799
[5.16629, 5.48918]; [-0.1, -0.05]: 57978 / 5871
[5.16629, 5.48918]; [-0.05, 0]: 58674 / 5861
[5.16629, 5.48918]; [0, 0.05]: 58103 / 5897
[5.16629, 5.48918]; [0.05, 0.1]: 58263 / 5752
[5.16629, 5.48918]; [0.1, 0.15]: 57396 / 5898
[5.16629, 5.48918]; [0.15, 0.2]: 56629 / 5688
[5.16629, 5.48918]; [0.2, 0.25]: 51811 / 5214
[5.16629, 5.48918]; [0.25, 0.3]: 43935 / 4450
[5.16629, 5.48918]; [0.3, 0.35]: 31306 / 3062
[5.16629, 5.48918]; [0.35, 0.4]: 15021 / 1505
[5.16629, 5.48918]; [0.4, 0.45]: 4395 / 407
[5.16629, 5.48918]; [0.45, 0.5]: 119 / 11
[5.16629, 5.48918]; [0.5, 0.55]: 0 / 0
[5.16629, 5.48918]; [0.55, 0.6]: 0 / 0
[5.16629, 5.48918]; [0.6, 0.65]: 0 / 0
[5.16629, 5.48918]; [0.65, 0.7]: 0 / 0
[5.16629, 5.48918]; [0.7, 0.75]: 0 / 0
[5.16629, 5.48918]; [0.75, 0.8]: 0 / 0
[5.16629, 5.48918]; [0.8, 0.85]: 0 / 0
[5.16629, 5.48918]; [0.85, 0.9]: 0 / 0

[5.48918, 5.81208]; [-0.9, -0.85]: 0 / 0
[5.48918, 5.81208]; [-0.85, -0.8]: 0 / 0
[5.48918, 5.81208]; [-0.8, -0.75]: 0 / 0
[5.48918, 5.81208]; [-0.75, -0.7]: 0 / 0
[5.48918, 5.81208]; [-0.7, -0.65]: 0 / 0
[5.48918, 5.81208]; [-0.65, -0.6]: 0 / 0
[5.48918, 5.81208]; [-0.6, -0.55]: 0 / 0
[5.48918, 5.81208]; [-0.55, -0.5]: 0 / 0
[5.48918, 5.81208]; [-0.5, -0.45]: 1257 / 107
[5.48918, 5.81208]; [-0.45, -0.4]: 8358 / 815
[5.48918, 5.81208]; [-0.4, -0.35]: 20703 / 1903
[5.48918, 5.81208]; [-0.35, -0.3]: 32408 / 3140
[5.48918, 5.81208]; [-0.3, -0.25]: 39900 / 3794
[5.48918, 5.81208]; [-0.25, -0.2]: 44228 / 4192
[5.48918, 5.81208]; [-0.2, -0.15]: 44769 / 4224
[5.48918, 5.81208]; [-0.15, -0.1]: 45554 / 4221
[5.48918, 5.81208]; [-0.1, -0.05]: 45466 / 4154
[5.48918, 5.81208]; [-0.05, 0]: 45196 / 4227
[5.48918, 5.81208]; [0, 0.05]: 45703 / 4223
[5.48918, 5.81208]; [0.05, 0.1]: 45469 / 4289
[5.48918, 5.81208]; [0.1, 0.15]: 45139 / 4289
[5.48918, 5.81208]; [0.15, 0.2]: 45310 / 4332
[5.48918, 5.81208]; [0.2, 0.25]: 44025 / 4136
[5.48918, 5.81208]; [0.25, 0.3]: 39961 / 3768
[5.48918, 5.81208]; [0.3, 0.35]: 32868 / 3070
[5.48918, 5.81208]; [0.35, 0.4]: 21046 / 1926
[5.48918, 5.81208]; [0.4, 0.45]: 8430 / 809
[5.48918, 5.81208]; [0.45, 0.5]: 1346 / 119
[5.48918, 5.81208]; [0.5, 0.55]: 0 / 0
[5.48918, 5.81208]; [0.55, 0.6]: 0 / 0
[5.48918, 5.81208]; [0.6, 0.65]: 0 / 0
[5.48918, 5.81208]; [0.65, 0.7]: 0 / 0
[5.48918, 5.81208]; [0.7, 0.75]: 0 / 0
[5.48918, 5.81208]; [0.75, 0.8]: 0 / 0
[5.48918, 5.81208]; [0.8, 0.85]: 0 / 0
[5.48918, 5.81208]; [0.85, 0.9]: 0 / 0

[5.81208, 6.13497]; [-0.9, -0.85]: 0 / 0
[5.81208, 6.13497]; [-0.85, -0.8]: 0 / 0
[5.81208, 6.13497]; [-0.8, -0.75]: 0 / 0
[5.81208, 6.13497]; [-0.75, -0.7]: 0 / 0
[5.81208, 6.13497]; [-0.7, -0.65]: 0 / 0
[5.81208, 6.13497]; [-0.65, -0.6]: 0 / 0
[5.81208, 6.13497]; [-0.6, -0.55]: 0 / 0
[5.81208, 6.13497]; [-0.55, -0.5]: 134 / 13
[5.81208, 6.13497]; [-0.5, -0.45]: 3703 / 312
[5.81208, 6.13497]; [-0.45, -0.4]: 12196 / 1093
[5.81208, 6.13497]; [-0.4, -0.35]: 23742 / 1977
[5.81208, 6.13497]; [-0.35, -0.3]: 30547 / 2631
[5.81208, 6.13497]; [-0.3, -0.25]: 34229 / 3078
[5.81208, 6.13497]; [-0.25, -0.2]: 35201 / 3052
[5.81208, 6.13497]; [-0.2, -0.15]: 35235 / 3114
[5.81208, 6.13497]; [-0.15, -0.1]: 35814 / 3190
[5.81208, 6.13497]; [-0.1, -0.05]: 35707 / 3024
[5.81208, 6.13497]; [-0.05, 0]: 35775 / 3142
[5.81208, 6.13497]; [0, 0.05]: 35798 / 3144
[5.81208, 6.13497]; [0.05, 0.1]: 35821 / 3219
[5.81208, 6.13497]; [0.1, 0.15]: 35490 / 3086
[5.81208, 6.13497]; [0.15, 0.2]: 35342 / 3035
[5.81208, 6.13497]; [0.2, 0.25]: 35391 / 3143
[5.81208, 6.13497]; [0.25, 0.3]: 33988 / 2936
[5.81208, 6.13497]; [0.3, 0.35]: 30013 / 2680
[5.81208, 6.13497]; [0.35, 0.4]: 23453 / 2026
[5.81208, 6.13497]; [0.4, 0.45]: 12106 / 1126
[5.81208, 6.13497]; [0.45, 0.5]: 3722 / 322
[5.81208, 6.13497]; [0.5, 0.55]: 130 / 13
[5.81208, 6.13497]; [0.55, 0.6]: 0 / 0
[5.81208, 6.13497]; [0.6, 0.65]: 0 / 0
[5.81208, 6.13497]; [0.65, 0.7]: 0 / 0
[5.81208, 6.13497]; [0.7, 0.75]: 0 / 0
[5.81208, 6.13497]; [0.75, 0.8]: 0 / 0
[5.81208, 6.13497]; [0.8, 0.85]: 0 / 0
[5.81208, 6.13497]; [0.85, 0.9]: 0 / 0

[6.13497, 6.45786]; [-0.9, -0.85]: 0 / 0
[6.13497, 6.45786]; [-0.85, -0.8]: 0 / 0
[6.13497, 6.45786]; [-0.8, -0.75]: 0 / 0
[6.13497, 6.45786]; [-0.75, -0.7]: 0 / 0
[6.13497, 6.45786]; [-0.7, -0.65]: 0 / 0
[6.13497, 6.45786]; [-0.65, -0.6]: 0 / 0
[6.13497, 6.45786]; [-0.6, -0.55]: 0 / 0
[6.13497, 6.45786]; [-0.55, -0.5]: 856 / 70
[6.13497, 6.45786]; [-0.5, -0.45]: 6099 / 511
[6.13497, 6.45786]; [-0.45, -0.4]: 15468 / 1259
[6.13497, 6.45786]; [-0.4, -0.35]: 22319 / 1879
[6.13497, 6.45786]; [-0.35, -0.3]: 26130 / 2222
[6.13497, 6.45786]; [-0.3, -0.25]: 27941 / 2237
[6.13497, 6.45786]; [-0.25, -0.2]: 27917 / 2366
[6.13497, 6.45786]; [-0.2, -0.15]: 28293 / 2285
[6.13497, 6.45786]; [-0.15, -0.1]: 28348 / 2256
[6.13497, 6.45786]; [-0.1, -0.05]: 28305 / 2371
[6.13497, 6.45786]; [-0.05, 0]: 28286 / 2290
[6.13497, 6.45786]; [0, 0.05]: 28398 / 2338
[6.13497, 6.45786]; [0.05, 0.1]: 28028 / 2306
[6.13497, 6.45786]; [0.1, 0.15]: 28032 / 2304
[6.13497, 6.45786]; [0.15, 0.2]: 28087 / 2402
[6.13497, 6.45786]; [0.2, 0.25]: 27961 / 2342
[6.13497, 6.45786]; [0.25, 0.3]: 27848 / 2308
[6.13497, 6.45786]; [0.3, 0.35]: 26517 / 2171
[6.13497, 6.45786]; [0.35, 0.4]: 22670 / 1868
[6.13497, 6.45786]; [0.4, 0.45]: 15428 / 1294
[6.13497, 6.45786]; [0.45, 0.5]: 6162 / 524
[6.13497, 6.45786]; [0.5, 0.55]: 897 / 76
[6.13497, 6.45786]; [0.55, 0.6]: 0 / 0
[6.13497, 6.45786]; [0.6, 0.65]: 0 / 0
[6.13497, 6.45786]; [0.65, 0.7]: 0 / 0
[6.13497, 6.45786]; [0.7, 0.75]: 0 / 0
[6.13497, 6.45786]; [0.75, 0.8]: 0 / 0
[6.13497, 6.45786]; [0.8, 0.85]: 0 / 0
[6.13497, 6.45786]; [0.85, 0.9]: 0 / 0

[6.45786, 7.10365]; [-0.9, -0.85]: 0 / 0
[6.45786, 7.10365]; [-0.85, -0.8]: 0 / 0
[6.45786, 7.10365]; [-0.8, -0.75]: 0 / 0
[6.45786, 7.10365]; [-0.75, -0.7]: 0 / 0
[6.45786, 7.10365]; [-0.7, -0.65]: 0 / 0
[6.45786, 7.10365]; [-0.65, -0.6]: 0 / 0
[6.45786, 7.10365]; [-0.6, -0.55]: 340 / 29
[6.45786, 7.10365]; [-0.55, -0.5]: 5932 / 479
[6.45786, 7.10365]; [-0.5, -0.45]: 18858 / 1434
[6.45786, 7.10365]; [-0.45, -0.4]: 31294 / 2341
[6.45786, 7.10365]; [-0.4, -0.35]: 37679 / 2798
[6.45786, 7.10365]; [-0.35, -0.3]: 40101 / 3069
[6.45786, 7.10365]; [-0.3, -0.25]: 40240 / 3013
[6.45786, 7.10365]; [-0.25, -0.2]: 40072 / 2988
[6.45786, 7.10365]; [-0.2, -0.15]: 40109 / 3071
[6.45786, 7.10365]; [-0.15, -0.1]: 40202 / 2968
[6.45786, 7.10365]; [-0.1, -0.05]: 40476 / 3095
[6.45786, 7.10365]; [-0.05, 0]: 40319 / 3015
[6.45786, 7.10365]; [0, 0.05]: 40458 / 3074
[6.45786, 7.10365]; [0.05, 0.1]: 40745 / 3063
[6.45786, 7.10365]; [0.1, 0.15]: 40462 / 3067
[6.45786, 7.10365]; [0.15, 0.2]: 40226 / 3014
[6.45786, 7.10365]; [0.2, 0.25]: 40130 / 3007
[6.45786, 7.10365]; [0.25, 0.3]: 40159 / 3029
[6.45786, 7.10365]; [0.3, 0.35]: 40156 / 3028
[6.45786, 7.10365]; [0.35, 0.4]: 37359 / 2933
[6.45786, 7.10365]; [0.4, 0.45]: 30869 / 2408
[6.45786, 7.10365]; [0.45, 0.5]: 18788 / 1405
[6.45786, 7.10365]; [0.5, 0.55]: 5891 / 475
[6.45786, 7.10365]; [0.55, 0.6]: 352 / 25
[6.45786, 7.10365]; [0.6, 0.65]: 0 / 0
[6.45786, 7.10365]; [0.65, 0.7]: 0 / 0
[6.45786, 7.10365]; [0.7, 0.75]: 0 / 0
[6.45786, 7.10365]; [0.75, 0.8]: 0 / 0
[6.45786, 7.10365]; [0.8, 0.85]: 0 / 0
[6.45786, 7.10365]; [0.85, 0.9]: 0 / 0

[7.10365, 7.74943]; [-0.9, -0.85]: 0 / 0
[7.10365, 7.74943]; [-0.85, -0.8]: 0 / 0
[7.10365, 7.74943]; [-0.8, -0.75]: 0 / 0
[7.10365, 7.74943]; [-0.75, -0.7]: 0 / 0
[7.10365, 7.74943]; [-0.7, -0.65]: 0 / 0
[7.10365, 7.74943]; [-0.65, -0.6]: 34 / 5
[7.10365, 7.74943]; [-0.6, -0.55]: 2594 / 188
[7.10365, 7.74943]; [-0.55, -0.5]: 11366 / 744
[7.10365, 7.74943]; [-0.5, -0.45]: 20540 / 1467
[7.10365, 7.74943]; [-0.45, -0.4]: 24820 / 1735
[7.10365, 7.74943]; [-0.4, -0.35]: 25861 / 1868
[7.10365, 7.74943]; [-0.35, -0.3]: 26133 / 1822
[7.10365, 7.74943]; [-0.3, -0.25]: 26287 / 1767
[7.10365, 7.74943]; [-0.25, -0.2]: 25926 / 1790
[7.10365, 7.74943]; [-0.2, -0.15]: 26232 / 1789
[7.10365, 7.74943]; [-0.15, -0.1]: 26060 / 1770
[7.10365, 7.74943]; [-0.1, -0.05]: 26102 / 1830
[7.10365, 7.74943]; [-0.05, 0]: 26367 / 1753
[7.10365, 7.74943]; [0, 0.05]: 26568 / 1784
[7.10365, 7.74943]; [0.05, 0.1]: 26105 / 1776
[7.10365, 7.74943]; [0.1, 0.15]: 26388 / 1804
[7.10365, 7.74943]; [0.15, 0.2]: 26140 / 1833
[7.10365, 7.74943]; [0.2, 0.25]: 26070 / 1789
[7.10365, 7.74943]; [0.25, 0.3]: 26126 / 1805
[7.10365, 7.74943]; [0.3, 0.35]: 26126 / 1817
[7.10365, 7.74943]; [0.35, 0.4]: 26167 / 1842
[7.10365, 7.74943]; [0.4, 0.45]: 24843 / 1683
[7.10365, 7.74943]; [0.45, 0.5]: 20338 / 1505
[7.10365, 7.74943]; [0.5, 0.55]: 11225 / 825
[7.10365, 7.74943]; [0.55, 0.6]: 2625 / 190
[7.10365, 7.74943]; [0.6, 0.65]: 27 / 1
[7.10365, 7.74943]; [0.65, 0.7]: 0 / 0
[7.10365, 7.74943]; [0.7, 0.75]: 0 / 0
[7.10365, 7.74943]; [0.75, 0.8]: 0 / 0
[7.10365, 7.74943]; [0.8, 0.85]: 0 / 0
[7.10365, 7.74943]; [0.85, 0.9]: 0 / 0

[7.74943, 8.39522]; [-0.9, -0.85]: 0 / 0
[7.74943, 8.39522]; [-0.85, -0.8]: 0 / 0
[7.74943, 8.39522]; [-0.8, -0.75]: 0 / 0
[7.74943, 8.39522]; [-0.75, -0.7]: 0 / 0
[7.74943, 8.39522]; [-0.7, -0.65]: 0 / 0
[7.74943, 8.39522]; [-0.65, -0.6]: 636 / 32
[7.74943, 8.39522]; [-0.6, -0.55]: 5653 / 344
[7.74943, 8.39522]; [-0.55, -0.5]: 12943 / 802
[7.74943, 8.39522]; [-0.5, -0.45]: 16712 / 1064
[7.74943, 8.39522]; [-0.45, -0.4]: 17508 / 1186
[7.74943, 8.39522]; [-0.4, -0.35]: 17404 / 1144
[7.74943, 8.39522]; [-0.35, -0.3]: 17259 / 1108
[7.74943, 8.39522]; [-0.3, -0.25]: 17596 / 1105
[7.74943, 8.39522]; [-0.25, -0.2]: 17469 / 1079
[7.74943, 8.39522]; [-0.2, -0.15]: 17566 / 1088
[7.74943, 8.39522]; [-0.15, -0.1]: 17380 / 1143
[7.74943, 8.39522]; [-0.1, -0.05]: 17525 / 1085
[7.74943, 8.39522]; [-0.05, 0]: 17430 / 1079
[7.74943, 8.39522]; [0, 0.05]: 17577 / 1047
[7.74943, 8.39522]; [0.05, 0.1]: 17517 / 1076
[7.74943, 8.39522]; [0.1, 0.15]: 17471 / 1020
[7.74943, 8.39522]; [0.15, 0.2]: 17106 / 1085
[7.74943, 8.39522]; [0.2, 0.25]: 17543 / 1055
[7.74943, 8.39522]; [0.25, 0.3]: 17329 / 1037
[7.74943, 8.39522]; [0.3, 0.35]: 17701 / 1098
[7.74943, 8.39522]; [0.35, 0.4]: 17609 / 1058
[7.74943, 8.39522]; [0.4, 0.45]: 17346 / 1089
[7.74943, 8.39522]; [0.45, 0.5]: 16705 / 1095
[7.74943, 8.39522]; [0.5, 0.55]: 12912 / 848
[7.74943, 8.39522]; [0.55, 0.6]: 5783 / 375
[7.74943, 8.39522]; [0.6, 0.65]: 678 / 50
[7.74943, 8.39522]; [0.65, 0.7]: 0 / 0
[7.74943, 8.39522]; [0.7, 0.75]: 0 / 0
[7.74943, 8.39522]; [0.75, 0.8]: 0 / 0
[7.74943, 8.39522]; [0.8, 0.85]: 0 / 0
[7.74943, 8.39522]; [0.85, 0.9]: 0 / 0

[8.39522, 9.04101]; [-0.9, -0.85]: 0 / 0
[8.39522, 9.04101]; [-0.85, -0.8]: 0 / 0
[8.39522, 9.04101]; [-0.8, -0.75]: 0 / 0
[8.39522, 9.04101]; [-0.75, -0.7]: 0 / 0
[8.39522, 9.04101]; [-0.7, -0.65]: 32 / 2
[8.39522, 9.04101]; [-0.65, -0.6]: 1933 / 102
[8.39522, 9.04101]; [-0.6, -0.55]: 7509 / 459
[8.39522, 9.04101]; [-0.55, -0.5]: 11020 / 644
[8.39522, 9.04101]; [-0.5, -0.45]: 11990 / 689
[8.39522, 9.04101]; [-0.45, -0.4]: 11993 / 731
[8.39522, 9.04101]; [-0.4, -0.35]: 11905 / 717
[8.39522, 9.04101]; [-0.35, -0.3]: 12128 / 726
[8.39522, 9.04101]; [-0.3, -0.25]: 11999 / 676
[8.39522, 9.04101]; [-0.25, -0.2]: 11926 / 704
[8.39522, 9.04101]; [-0.2, -0.15]: 11809 / 690
[8.39522, 9.04101]; [-0.15, -0.1]: 11846 / 683
[8.39522, 9.04101]; [-0.1, -0.05]: 11892 / 686
[8.39522, 9.04101]; [-0.05, 0]: 12296 / 686
[8.39522, 9.04101]; [0, 0.05]: 11720 / 680
[8.39522, 9.04101]; [0.05, 0.1]: 11998 / 694
[8.39522, 9.04101]; [0.1, 0.15]: 11921 / 673
[8.39522, 9.04101]; [0.15, 0.2]: 11904 / 699
[8.39522, 9.04101]; [0.2, 0.25]: 12094 / 675
[8.39522, 9.04101]; [0.25, 0.3]: 12002 / 689
[8.39522, 9.04101]; [0.3, 0.35]: 11935 / 647
[8.39522, 9.04101]; [0.35, 0.4]: 12160 / 653
[8.39522, 9.04101]; [0.4, 0.45]: 11881 / 711
[8.39522, 9.04101]; [0.45, 0.5]: 12016 / 699
[8.39522, 9.04101]; [0.5, 0.55]: 11266 / 641
[8.39522, 9.04101]; [0.55, 0.6]: 7665 / 450
[8.39522, 9.04101]; [0.6, 0.65]: 2083 / 106
[8.39522, 9.04101]; [0.65, 0.7]: 30 / 3
[8.39522, 9.04101]; [0.7, 0.75]: 0 / 0
[8.39522, 9.04101]; [0.75, 0.8]: 0 / 0
[8.39522, 9.04101]; [0.8, 0.85]: 0 / 0
[8.39522, 9.04101]; [0.85, 0.9]: 0 / 0

[9.04101, 9.68679]; [-0.9, -0.85]: 0 / 0
[9.04101, 9.68679]; [-0.85, -0.8]: 0 / 0
[9.04101, 9.68679]; [-0.8, -0.75]: 0 / 0
[9.04101, 9.68679]; [-0.75, -0.7]: 0 / 0
[9.04101, 9.68679]; [-0.7, -0.65]: 340 / 17
[9.04101, 9.68679]; [-0.65, -0.6]: 3554 / 194
[9.04101, 9.68679]; [-0.6, -0.55]: 7387 / 403
[9.04101, 9.68679]; [-0.55, -0.5]: 8163 / 476
[9.04101, 9.68679]; [-0.5, -0.45]: 8644 / 477
[9.04101, 9.68679]; [-0.45, -0.4]: 8351 / 475
[9.04101, 9.68679]; [-0.4, -0.35]: 8414 / 455
[9.04101, 9.68679]; [-0.35, -0.3]: 8441 / 462
[9.04101, 9.68679]; [-0.3, -0.25]: 8283 / 440
[9.04101, 9.68679]; [-0.25, -0.2]: 8482 / 435
[9.04101, 9.68679]; [-0.2, -0.15]: 8377 / 435
[9.04101, 9.68679]; [-0.15, -0.1]: 8260 / 469
[9.04101, 9.68679]; [-0.1, -0.05]: 8189 / 487
[9.04101, 9.68679]; [-0.05, 0]: 8177 / 448
[9.04101, 9.68679]; [0, 0.05]: 8423 / 450
[9.04101, 9.68679]; [0.05, 0.1]: 8409 / 444
[9.04101, 9.68679]; [0.1, 0.15]: 8358 / 466
[9.04101, 9.68679]; [0.15, 0.2]: 8314 / 470
[9.04101, 9.68679]; [0.2, 0.25]: 8406 / 487
[9.04101, 9.68679]; [0.25, 0.3]: 8438 / 455
[9.04101, 9.68679]; [0.3, 0.35]: 8322 / 443
[9.04101, 9.68679]; [0.35, 0.4]: 8419 / 453
[9.04101, 9.68679]; [0.4, 0.45]: 8439 / 433
[9.04101, 9.68679]; [0.45, 0.5]: 8426 / 445
[9.04101, 9.68679]; [0.5, 0.55]: 8403 / 462
[9.04101, 9.68679]; [0.55, 0.6]: 7375 / 393
[9.04101, 9.68679]; [0.6, 0.65]: 3494 / 206
[9.04101, 9.68679]; [0.65, 0.7]: 339 / 18
[9.04101, 9.68679]; [0.7, 0.75]: 0 / 0
[9.04101, 9.68679]; [0.75, 0.8]: 0 / 0
[9.04101, 9.68679]; [0.8, 0.85]: 0 / 0
[9.04101, 9.68679]; [0.85, 0.9]: 0 / 0

[9.68679, 10.3326]; [-0.9, -0.85]: 0 / 0
[9.68679, 10.3326]; [-0.85, -0.8]: 0 / 0
[9.68679, 10.3326]; [-0.8, -0.75]: 0 / 0
[9.68679, 10.3326]; [-0.75, -0.7]: 0 / 0
[9.68679, 10.3326]; [-0.7, -0.65]: 824 / 58
[9.68679, 10.3326]; [-0.65, -0.6]: 4163 / 239
[9.68679, 10.3326]; [-0.6, -0.55]: 5944 / 273
[9.68679, 10.3326]; [-0.55, -0.5]: 6107 / 338
[9.68679, 10.3326]; [-0.5, -0.45]: 6084 / 341
[9.68679, 10.3326]; [-0.45, -0.4]: 5886 / 310
[9.68679, 10.3326]; [-0.4, -0.35]: 6091 / 303
[9.68679, 10.3326]; [-0.35, -0.3]: 5999 / 289
[9.68679, 10.3326]; [-0.3, -0.25]: 5895 / 295
[9.68679, 10.3326]; [-0.25, -0.2]: 6078 / 246
[9.68679, 10.3326]; [-0.2, -0.15]: 5833 / 309
[9.68679, 10.3326]; [-0.15, -0.1]: 5746 / 283
[9.68679, 10.3326]; [-0.1, -0.05]: 5856 / 274
[9.68679, 10.3326]; [-0.05, 0]: 5868 / 287
[9.68679, 10.3326]; [0, 0.05]: 5930 / 269
[9.68679, 10.3326]; [0.05, 0.1]: 5910 / 315
[9.68679, 10.3326]; [0.1, 0.15]: 5813 / 296
[9.68679, 10.3326]; [0.15, 0.2]: 5917 / 275
[9.68679, 10.3326]; [0.2, 0.25]: 5967 / 284
[9.68679, 10.3326]; [0.25, 0.3]: 6022 / 295
[9.68679, 10.3326]; [0.3, 0.35]: 6028 / 316
[9.68679, 10.3326]; [0.35, 0.4]: 5842 / 302
[9.68679, 10.3326]; [0.4, 0.45]: 6095 / 312
[9.68679, 10.3326]; [0.45, 0.5]: 6055 / 337
[9.68679, 10.3326]; [0.5, 0.55]: 6020 / 330
[9.68679, 10.3326]; [0.55, 0.6]: 5892 / 311
[9.68679, 10.3326]; [0.6, 0.65]: 4295 / 193
[9.68679, 10.3326]; [0.65, 0.7]: 891 / 47
[9.68679, 10.3326]; [0.7, 0.75]: 1 / 0
[9.68679, 10.3326]; [0.75, 0.8]: 0 / 0
[9.68679, 10.3326]; [0.8, 0.85]: 0 / 0
[9.68679, 10.3326]; [0.85, 0.9]: 0 / 0

[10.3326, 10.9784]; [-0.9, -0.85]: 0 / 0
[10.3326, 10.9784]; [-0.85, -0.8]: 0 / 0
[10.3326, 10.9784]; [-0.8, -0.75]: 0 / 0
[10.3326, 10.9784]; [-0.75, -0.7]: 56 / 4
[10.3326, 10.9784]; [-0.7, -0.65]: 1565 / 78
[10.3326, 10.9784]; [-0.65, -0.6]: 3844 / 202
[10.3326, 10.9784]; [-0.6, -0.55]: 4520 / 214
[10.3326, 10.9784]; [-0.55, -0.5]: 4380 / 204
[10.3326, 10.9784]; [-0.5, -0.45]: 4291 / 189
[10.3326, 10.9784]; [-0.45, -0.4]: 4344 / 190
[10.3326, 10.9784]; [-0.4, -0.35]: 4339 / 228
[10.3326, 10.9784]; [-0.35, -0.3]: 4338 / 196
[10.3326, 10.9784]; [-0.3, -0.25]: 4234 / 205
[10.3326, 10.9784]; [-0.25, -0.2]: 4168 / 184
[10.3326, 10.9784]; [-0.2, -0.15]: 4295 / 179
[10.3326, 10.9784]; [-0.15, -0.1]: 4121 / 216
[10.3326, 10.9784]; [-0.1, -0.05]: 4232 / 163
[10.3326, 10.9784]; [-0.05, 0]: 4219 / 194
[10.3326, 10.9784]; [0, 0.05]: 4213 / 201
[10.3326, 10.9784]; [0.05, 0.1]: 4380 / 182
[10.3326, 10.9784]; [0.1, 0.15]: 4221 / 191
[10.3326, 10.9784]; [0.15, 0.2]: 4332 / 200
[10.3326, 10.9784]; [0.2, 0.25]: 4349 / 191
[10.3326, 10.9784]; [0.25, 0.3]: 4199 / 220
[10.3326, 10.9784]; [0.3, 0.35]: 4311 / 204
[10.3326, 10.9784]; [0.35, 0.4]: 4308 / 216
[10.3326, 10.9784]; [0.4, 0.45]: 4431 / 213
[10.3326, 10.9784]; [0.45, 0.5]: 4329 / 223
[10.3326, 10.9784]; [0.5, 0.55]: 4401 / 224
[10.3326, 10.9784]; [0.55, 0.6]: 4318 / 233
[10.3326, 10.9784]; [0.6, 0.65]: 3753 / 185
[10.3326, 10.9784]; [0.65, 0.7]: 1537 / 72
[10.3326, 10.9784]; [0.7, 0.75]: 47 / 5
[10.3326, 10.9784]; [0.75, 0.8]: 0 / 0
[10.3326, 10.9784]; [0.8, 0.85]: 0 / 0
[10.3326, 10.9784]; [0.85, 0.9]: 0 / 0

[10.9784, 11.6242]; [-0.9, -0.85]: 0 / 0
[10.9784, 11.6242]; [-0.85, -0.8]: 0 / 0
[10.9784, 11.6242]; [-0.8, -0.75]: 0 / 0
[10.9784, 11.6242]; [-0.75, -0.7]: 183 / 15
[10.9784, 11.6242]; [-0.7, -0.65]: 1923 / 94
[10.9784, 11.6242]; [-0.65, -0.6]: 3139 / 163
[10.9784, 11.6242]; [-0.6, -0.55]: 3344 / 138
[10.9784, 11.6242]; [-0.55, -0.5]: 3223 / 142
[10.9784, 11.6242]; [-0.5, -0.45]: 3151 / 144
[10.9784, 11.6242]; [-0.45, -0.4]: 3211 / 128
[10.9784, 11.6242]; [-0.4, -0.35]: 3172 / 174
[10.9784, 11.6242]; [-0.35, -0.3]: 3110 / 136
[10.9784, 11.6242]; [-0.3, -0.25]: 3152 / 139
[10.9784, 11.6242]; [-0.25, -0.2]: 3109 / 159
[10.9784, 11.6242]; [-0.2, -0.15]: 3002 / 142
[10.9784, 11.6242]; [-0.15, -0.1]: 3162 / 129
[10.9784, 11.6242]; [-0.1, -0.05]: 3117 / 144
[10.9784, 11.6242]; [-0.05, 0]: 3169 / 129
[10.9784, 11.6242]; [0, 0.05]: 3083 / 140
[10.9784, 11.6242]; [0.05, 0.1]: 3092 / 124
[10.9784, 11.6242]; [0.1, 0.15]: 3113 / 142
[10.9784, 11.6242]; [0.15, 0.2]: 3155 / 151
[10.9784, 11.6242]; [0.2, 0.25]: 3212 / 155
[10.9784, 11.6242]; [0.25, 0.3]: 3187 / 145
[10.9784, 11.6242]; [0.3, 0.35]: 3140 / 136
[10.9784, 11.6242]; [0.35, 0.4]: 3176 / 141
[10.9784, 11.6242]; [0.4, 0.45]: 3144 / 136
[10.9784, 11.6242]; [0.45, 0.5]: 3285 / 118
[10.9784, 11.6242]; [0.5, 0.55]: 3402 / 142
[10.9784, 11.6242]; [0.55, 0.6]: 3257 / 141
[10.9784, 11.6242]; [0.6, 0.65]: 3245 / 134
[10.9784, 11.6242]; [0.65, 0.7]: 1978 / 75
[10.9784, 11.6242]; [0.7, 0.75]: 191 / 6
[10.9784, 11.6242]; [0.75, 0.8]: 0 / 0
[10.9784, 11.6242]; [0.8, 0.85]: 0 / 0
[10.9784, 11.6242]; [0.85, 0.9]: 0 / 0

[11.6242, 12.2699]; [-0.9, -0.85]: 0 / 0
[11.6242, 12.2699]; [-0.85, -0.8]: 0 / 0
[11.6242, 12.2699]; [-0.8, -0.75]: 0 / 0
[11.6242, 12.2699]; [-0.75, -0.7]: 393 / 22
[11.6242, 12.2699]; [-0.7, -0.65]: 1935 / 99
[11.6242, 12.2699]; [-0.65, -0.6]: 2396 / 102
[11.6242, 12.2699]; [-0.6, -0.55]: 2426 / 105
[11.6242, 12.2699]; [-0.55, -0.5]: 2443 / 77
[11.6242, 12.2699]; [-0.5, -0.45]: 2392 / 117
[11.6242, 12.2699]; [-0.45, -0.4]: 2344 / 119
[11.6242, 12.2699]; [-0.4, -0.35]: 2279 / 86
[11.6242, 12.2699]; [-0.35, -0.3]: 2319 / 98
[11.6242, 12.2699]; [-0.3, -0.25]: 2286 / 95
[11.6242, 12.2699]; [-0.25, -0.2]: 2329 / 104
[11.6242, 12.2699]; [-0.2, -0.15]: 2273 / 97
[11.6242, 12.2699]; [-0.15, -0.1]: 2318 / 78
[11.6242, 12.2699]; [-0.1, -0.05]: 2441 / 100
[11.6242, 12.2699]; [-0.05, 0]: 2245 / 98
[11.6242, 12.2699]; [0, 0.05]: 2280 / 102
[11.6242, 12.2699]; [0.05, 0.1]: 2283 / 102
[11.6242, 12.2699]; [0.1, 0.15]: 2257 / 97
[11.6242, 12.2699]; [0.15, 0.2]: 2259 / 86
[11.6242, 12.2699]; [0.2, 0.25]: 2357 / 96
[11.6242, 12.2699]; [0.25, 0.3]: 2326 / 98
[11.6242, 12.2699]; [0.3, 0.35]: 2361 / 90
[11.6242, 12.2699]; [0.35, 0.4]: 2332 / 103
[11.6242, 12.2699]; [0.4, 0.45]: 2427 / 118
[11.6242, 12.2699]; [0.45, 0.5]: 2392 / 93
[11.6242, 12.2699]; [0.5, 0.55]: 2447 / 106
[11.6242, 12.2699]; [0.55, 0.6]: 2456 / 105
[11.6242, 12.2699]; [0.6, 0.65]: 2469 / 103
[11.6242, 12.2699]; [0.65, 0.7]: 2002 / 96
[11.6242, 12.2699]; [0.7, 0.75]: 461 / 13
[11.6242, 12.2699]; [0.75, 0.8]: 0 / 0
[11.6242, 12.2699]; [0.8, 0.85]: 0 / 0
[11.6242, 12.2699]; [0.85, 0.9]: 0 / 0

[12.2699, 12.9157]; [-0.9, -0.85]: 0 / 0
[12.2699, 12.9157]; [-0.85, -0.8]: 0 / 0
[12.2699, 12.9157]; [-0.8, -0.75]: 3 / 0
[12.2699, 12.9157]; [-0.75, -0.7]: 691 / 34
[12.2699, 12.9157]; [-0.7, -0.65]: 1741 / 75
[12.2699, 12.9157]; [-0.65, -0.6]: 1824 / 77
[12.2699, 12.9157]; [-0.6, -0.55]: 1818 / 71
[12.2699, 12.9157]; [-0.55, -0.5]: 1765 / 72
[12.2699, 12.9157]; [-0.5, -0.45]: 1752 / 73
[12.2699, 12.9157]; [-0.45, -0.4]: 1747 / 65
[12.2699, 12.9157]; [-0.4, -0.35]: 1863 / 84
[12.2699, 12.9157]; [-0.35, -0.3]: 1713 / 75
[12.2699, 12.9157]; [-0.3, -0.25]: 1730 / 67
[12.2699, 12.9157]; [-0.25, -0.2]: 1741 / 65
[12.2699, 12.9157]; [-0.2, -0.15]: 1712 / 67
[12.2699, 12.9157]; [-0.15, -0.1]: 1703 / 64
[12.2699, 12.9157]; [-0.1, -0.05]: 1811 / 61
[12.2699, 12.9157]; [-0.05, 0]: 1659 / 70
[12.2699, 12.9157]; [0, 0.05]: 1735 / 66
[12.2699, 12.9157]; [0.05, 0.1]: 1719 / 59
[12.2699, 12.9157]; [0.1, 0.15]: 1716 / 70
[12.2699, 12.9157]; [0.15, 0.2]: 1734 / 69
[12.2699, 12.9157]; [0.2, 0.25]: 1745 / 63
[12.2699, 12.9157]; [0.25, 0.3]: 1801 / 75
[12.2699, 12.9157]; [0.3, 0.35]: 1719 / 84
[12.2699, 12.9157]; [0.35, 0.4]: 1732 / 58
[12.2699, 12.9157]; [0.4, 0.45]: 1810 / 64
[12.2699, 12.9157]; [0.45, 0.5]: 1780 / 78
[12.2699, 12.9157]; [0.5, 0.55]: 1903 / 82
[12.2699, 12.9157]; [0.55, 0.6]: 1742 / 76
[12.2699, 12.9157]; [0.6, 0.65]: 1849 / 77
[12.2699, 12.9157]; [0.65, 0.7]: 1754 / 81
[12.2699, 12.9157]; [0.7, 0.75]: 673 / 28
[12.2699, 12.9157]; [0.75, 0.8]: 6 / 0
[12.2699, 12.9157]; [0.8, 0.85]: 0 / 0
[12.2699, 12.9157]; [0.85, 0.9]: 0 / 0

[12.9157, 13.5615]; [-0.9, -0.85]: 0 / 0
[12.9157, 13.5615]; [-0.85, -0.8]: 0 / 0
[12.9157, 13.5615]; [-0.8, -0.75]: 32 / 1
[12.9157, 13.5615]; [-0.75, -0.7]: 772 / 31
[12.9157, 13.5615]; [-0.7, -0.65]: 1409 / 62
[12.9157, 13.5615]; [-0.65, -0.6]: 1407 / 65
[12.9157, 13.5615]; [-0.6, -0.55]: 1359 / 47
[12.9157, 13.5615]; [-0.55, -0.5]: 1377 / 59
[12.9157, 13.5615]; [-0.5, -0.45]: 1453 / 72
[12.9157, 13.5615]; [-0.45, -0.4]: 1349 / 58
[12.9157, 13.5615]; [-0.4, -0.35]: 1387 / 71
[12.9157, 13.5615]; [-0.35, -0.3]: 1281 / 46
[12.9157, 13.5615]; [-0.3, -0.25]: 1284 / 59
[12.9157, 13.5615]; [-0.25, -0.2]: 1329 / 48
[12.9157, 13.5615]; [-0.2, -0.15]: 1232 / 52
[12.9157, 13.5615]; [-0.15, -0.1]: 1302 / 41
[12.9157, 13.5615]; [-0.1, -0.05]: 1331 / 45
[12.9157, 13.5615]; [-0.05, 0]: 1324 / 51
[12.9157, 13.5615]; [0, 0.05]: 1306 / 39
[12.9157, 13.5615]; [0.05, 0.1]: 1315 / 44
[12.9157, 13.5615]; [0.1, 0.15]: 1326 / 47
[12.9157, 13.5615]; [0.15, 0.2]: 1324 / 53
[12.9157, 13.5615]; [0.2, 0.25]: 1328 / 47
[12.9157, 13.5615]; [0.25, 0.3]: 1312 / 45
[12.9157, 13.5615]; [0.3, 0.35]: 1274 / 55
[12.9157, 13.5615]; [0.35, 0.4]: 1347 / 59
[12.9157, 13.5615]; [0.4, 0.45]: 1315 / 44
[12.9157, 13.5615]; [0.45, 0.5]: 1378 / 54
[12.9157, 13.5615]; [0.5, 0.55]: 1408 / 55
[12.9157, 13.5615]; [0.55, 0.6]: 1424 / 62
[12.9157, 13.5615]; [0.6, 0.65]: 1401 / 62
[12.9157, 13.5615]; [0.65, 0.7]: 1444 / 54
[12.9157, 13.5615]; [0.7, 0.75]: 745 / 28
[12.9157, 13.5615]; [0.75, 0.8]: 32 / 0
[12.9157, 13.5615]; [0.8, 0.85]: 0 / 0
[12.9157, 13.5615]; [0.85, 0.9]: 0 / 0

[13.5615, 14.2073]; [-0.9, -0.85]: 0 / 0
[13.5615, 14.2073]; [-0.85, -0.8]: 0 / 0
[13.5615, 14.2073]; [-0.8, -0.75]: 77 / 4
[13.5615, 14.2073]; [-0.75, -0.7]: 877 / 33
[13.5615, 14.2073]; [-0.7, -0.65]: 1088 / 43
[13.5615, 14.2073]; [-0.65, -0.6]: 1028 / 40
[13.5615, 14.2073]; [-0.6, -0.55]: 1005 / 52
[13.5615, 14.2073]; [-0.55, -0.5]: 966 / 41
[13.5615, 14.2073]; [-0.5, -0.45]: 1076 / 45
[13.5615, 14.2073]; [-0.45, -0.4]: 1049 / 45
[13.5615, 14.2073]; [-0.4, -0.35]: 1014 / 34
[13.5615, 14.2073]; [-0.35, -0.3]: 986 / 35
[13.5615, 14.2073]; [-0.3, -0.25]: 985 / 29
[13.5615, 14.2073]; [-0.25, -0.2]: 1001 / 31
[13.5615, 14.2073]; [-0.2, -0.15]: 1009 / 36
[13.5615, 14.2073]; [-0.15, -0.1]: 987 / 41
[13.5615, 14.2073]; [-0.1, -0.05]: 982 / 48
[13.5615, 14.2073]; [-0.05, 0]: 988 / 50
[13.5615, 14.2073]; [0, 0.05]: 1017 / 39
[13.5615, 14.2073]; [0.05, 0.1]: 942 / 28
[13.5615, 14.2073]; [0.1, 0.15]: 1012 / 38
[13.5615, 14.2073]; [0.15, 0.2]: 1023 / 21
[13.5615, 14.2073]; [0.2, 0.25]: 954 / 44
[13.5615, 14.2073]; [0.25, 0.3]: 1001 / 35
[13.5615, 14.2073]; [0.3, 0.35]: 929 / 40
[13.5615, 14.2073]; [0.35, 0.4]: 1082 / 41
[13.5615, 14.2073]; [0.4, 0.45]: 1033 / 28
[13.5615, 14.2073]; [0.45, 0.5]: 1051 / 43
[13.5615, 14.2073]; [0.5, 0.55]: 1062 / 31
[13.5615, 14.2073]; [0.55, 0.6]: 1056 / 39
[13.5615, 14.2073]; [0.6, 0.65]: 1108 / 58
[13.5615, 14.2073]; [0.65, 0.7]: 1130 / 64
[13.5615, 14.2073]; [0.7, 0.75]: 868 / 33
[13.5615, 14.2073]; [0.75, 0.8]: 74 / 2
[13.5615, 14.2073]; [0.8, 0.85]: 0 / 0
[13.5615, 14.2073]; [0.85, 0.9]: 0 / 0

[14.2073, 14.8531]; [-0.9, -0.85]: 0 / 0
[14.2073, 14.8531]; [-0.85, -0.8]: 0 / 0
[14.2073, 14.8531]; [-0.8, -0.75]: 135 / 6
[14.2073, 14.8531]; [-0.75, -0.7]: 756 / 31
[14.2073, 14.8531]; [-0.7, -0.65]: 892 / 33
[14.2073, 14.8531]; [-0.65, -0.6]: 866 / 31
[14.2073, 14.8531]; [-0.6, -0.55]: 822 / 37
[14.2073, 14.8531]; [-0.55, -0.5]: 815 / 30
[14.2073, 14.8531]; [-0.5, -0.45]: 787 / 37
[14.2073, 14.8531]; [-0.45, -0.4]: 791 / 29
[14.2073, 14.8531]; [-0.4, -0.35]: 790 / 31
[14.2073, 14.8531]; [-0.35, -0.3]: 807 / 30
[14.2073, 14.8531]; [-0.3, -0.25]: 771 / 15
[14.2073, 14.8531]; [-0.25, -0.2]: 816 / 25
[14.2073, 14.8531]; [-0.2, -0.15]: 766 / 26
[14.2073, 14.8531]; [-0.15, -0.1]: 782 / 26
[14.2073, 14.8531]; [-0.1, -0.05]: 770 / 32
[14.2073, 14.8531]; [-0.05, 0]: 789 / 29
[14.2073, 14.8531]; [0, 0.05]: 767 / 20
[14.2073, 14.8531]; [0.05, 0.1]: 758 / 22
[14.2073, 14.8531]; [0.1, 0.15]: 800 / 25
[14.2073, 14.8531]; [0.15, 0.2]: 780 / 18
[14.2073, 14.8531]; [0.2, 0.25]: 767 / 20
[14.2073, 14.8531]; [0.25, 0.3]: 772 / 38
[14.2073, 14.8531]; [0.3, 0.35]: 811 / 33
[14.2073, 14.8531]; [0.35, 0.4]: 816 / 32
[14.2073, 14.8531]; [0.4, 0.45]: 752 / 35
[14.2073, 14.8531]; [0.45, 0.5]: 806 / 32
[14.2073, 14.8531]; [0.5, 0.55]: 829 / 49
[14.2073, 14.8531]; [0.55, 0.6]: 862 / 34
[14.2073, 14.8531]; [0.6, 0.65]: 893 / 30
[14.2073, 14.8531]; [0.65, 0.7]: 877 / 33
[14.2073, 14.8531]; [0.7, 0.75]: 784 / 31
[14.2073, 14.8531]; [0.75, 0.8]: 143 / 8
[14.2073, 14.8531]; [0.8, 0.85]: 0 / 0
[14.2073, 14.8531]; [0.85, 0.9]: 0 / 0

[14.8531, 15.4989]; [-0.9, -0.85]: 0 / 0
[14.8531, 15.4989]; [-0.85, -0.8]: 0 / 0
[14.8531, 15.4989]; [-0.8, -0.75]: 199 / 5
[14.8531, 15.4989]; [-0.75, -0.7]: 666 / 27
[14.8531, 15.4989]; [-0.7, -0.65]: 643 / 36
[14.8531, 15.4989]; [-0.65, -0.6]: 679 / 17
[14.8531, 15.4989]; [-0.6, -0.55]: 619 / 19
[14.8531, 15.4989]; [-0.55, -0.5]: 694 / 23
[14.8531, 15.4989]; [-0.5, -0.45]: 614 / 25
[14.8531, 15.4989]; [-0.45, -0.4]: 560 / 24
[14.8531, 15.4989]; [-0.4, -0.35]: 636 / 17
[14.8531, 15.4989]; [-0.35, -0.3]: 591 / 26
[14.8531, 15.4989]; [-0.3, -0.25]: 579 / 12
[14.8531, 15.4989]; [-0.25, -0.2]: 621 / 22
[14.8531, 15.4989]; [-0.2, -0.15]: 570 / 24
[14.8531, 15.4989]; [-0.15, -0.1]: 572 / 19
[14.8531, 15.4989]; [-0.1, -0.05]: 567 / 21
[14.8531, 15.4989]; [-0.05, 0]: 549 / 24
[14.8531, 15.4989]; [0, 0.05]: 602 / 26
[14.8531, 15.4989]; [0.05, 0.1]: 610 / 25
[14.8531, 15.4989]; [0.1, 0.15]: 617 / 17
[14.8531, 15.4989]; [0.15, 0.2]: 584 / 19
[14.8531, 15.4989]; [0.2, 0.25]: 618 / 19
[14.8531, 15.4989]; [0.25, 0.3]: 586 / 18
[14.8531, 15.4989]; [0.3, 0.35]: 607 / 14
[14.8531, 15.4989]; [0.35, 0.4]: 620 / 18
[14.8531, 15.4989]; [0.4, 0.45]: 623 / 23
[14.8531, 15.4989]; [0.45, 0.5]: 615 / 15
[14.8531, 15.4989]; [0.5, 0.55]: 655 / 22
[14.8531, 15.4989]; [0.55, 0.6]: 679 / 23
[14.8531, 15.4989]; [0.6, 0.65]: 691 / 18
[14.8531, 15.4989]; [0.65, 0.7]: 718 / 33
[14.8531, 15.4989]; [0.7, 0.75]: 623 / 21
[14.8531, 15.4989]; [0.75, 0.8]: 235 / 8
[14.8531, 15.4989]; [0.8, 0.85]: 0 / 0
[14.8531, 15.4989]; [0.85, 0.9]: 0 / 0

[15.4989, 16.1447]; [-0.9, -0.85]: 0 / 0
[15.4989, 16.1447]; [-0.85, -0.8]: 1 / 0
[15.4989, 16.1447]; [-0.8, -0.75]: 258 / 8
[15.4989, 16.1447]; [-0.75, -0.7]: 533 / 23
[15.4989, 16.1447]; [-0.7, -0.65]: 568 / 30
[15.4989, 16.1447]; [-0.65, -0.6]: 552 / 17
[15.4989, 16.1447]; [-0.6, -0.55]: 484 / 16
[15.4989, 16.1447]; [-0.55, -0.5]: 467 / 24
[15.4989, 16.1447]; [-0.5, -0.45]: 510 / 15
[15.4989, 16.1447]; [-0.45, -0.4]: 447 / 16
[15.4989, 16.1447]; [-0.4, -0.35]: 510 / 14
[15.4989, 16.1447]; [-0.35, -0.3]: 456 / 13
[15.4989, 16.1447]; [-0.3, -0.25]: 433 / 12
[15.4989, 16.1447]; [-0.25, -0.2]: 469 / 12
[15.4989, 16.1447]; [-0.2, -0.15]: 462 / 14
[15.4989, 16.1447]; [-0.15, -0.1]: 450 / 16
[15.4989, 16.1447]; [-0.1, -0.05]: 436 / 20
[15.4989, 16.1447]; [-0.05, 0]: 462 / 18
[15.4989, 16.1447]; [0, 0.05]: 450 / 19
[15.4989, 16.1447]; [0.05, 0.1]: 479 / 18
[15.4989, 16.1447]; [0.1, 0.15]: 466 / 11
[15.4989, 16.1447]; [0.15, 0.2]: 489 / 17
[15.4989, 16.1447]; [0.2, 0.25]: 461 / 10
[15.4989, 16.1447]; [0.25, 0.3]: 525 / 12
[15.4989, 16.1447]; [0.3, 0.35]: 443 / 20
[15.4989, 16.1447]; [0.35, 0.4]: 475 / 18
[15.4989, 16.1447]; [0.4, 0.45]: 471 / 21
[15.4989, 16.1447]; [0.45, 0.5]: 521 / 16
[15.4989, 16.1447]; [0.5, 0.55]: 541 / 16
[15.4989, 16.1447]; [0.55, 0.6]: 478 / 22
[15.4989, 16.1447]; [0.6, 0.65]: 532 / 21
[15.4989, 16.1447]; [0.65, 0.7]: 583 / 18
[15.4989, 16.1447]; [0.7, 0.75]: 539 / 25
[15.4989, 16.1447]; [0.75, 0.8]: 247 / 7
[15.4989, 16.1447]; [0.8, 0.85]: 0 / 0
[15.4989, 16.1447]; [0.85, 0.9]: 0 / 0

[16.1447, 16.9519]; [-0.9, -0.85]: 0 / 0
[16.1447, 16.9519]; [-0.85, -0.8]: 10 / 0
[16.1447, 16.9519]; [-0.8, -0.75]: 373 / 9
[16.1447, 16.9519]; [-0.75, -0.7]: 564 / 32
[16.1447, 16.9519]; [-0.7, -0.65]: 537 / 13
[16.1447, 16.9519]; [-0.65, -0.6]: 540 / 17
[16.1447, 16.9519]; [-0.6, -0.55]: 501 / 28
[16.1447, 16.9519]; [-0.55, -0.5]: 507 / 15
[16.1447, 16.9519]; [-0.5, -0.45]: 439 / 13
[16.1447, 16.9519]; [-0.45, -0.4]: 448 / 13
[16.1447, 16.9519]; [-0.4, -0.35]: 439 / 12
[16.1447, 16.9519]; [-0.35, -0.3]: 486 / 16
[16.1447, 16.9519]; [-0.3, -0.25]: 407 / 18
[16.1447, 16.9519]; [-0.25, -0.2]: 459 / 16
[16.1447, 16.9519]; [-0.2, -0.15]: 425 / 15
[16.1447, 16.9519]; [-0.15, -0.1]: 440 / 13
[16.1447, 16.9519]; [-0.1, -0.05]: 404 / 20
[16.1447, 16.9519]; [-0.05, 0]: 465 / 14
[16.1447, 16.9519]; [0, 0.05]: 429 / 21
[16.1447, 16.9519]; [0.05, 0.1]: 473 / 28
[16.1447, 16.9519]; [0.1, 0.15]: 435 / 20
[16.1447, 16.9519]; [0.15, 0.2]: 460 / 14
[16.1447, 16.9519]; [0.2, 0.25]: 457 / 13
[16.1447, 16.9519]; [0.25, 0.3]: 475 / 21
[16.1447, 16.9519]; [0.3, 0.35]: 507 / 15
[16.1447, 16.9519]; [0.35, 0.4]: 451 / 16
[16.1447, 16.9519]; [0.4, 0.45]: 444 / 22
[16.1447, 16.9519]; [0.45, 0.5]: 492 / 11
[16.1447, 16.9519]; [0.5, 0.55]: 530 / 16
[16.1447, 16.9519]; [0.55, 0.6]: 510 / 20
[16.1447, 16.9519]; [0.6, 0.65]: 554 / 17
[16.1447, 16.9519]; [0.65, 0.7]: 566 / 23
[16.1447, 16.9519]; [0.7, 0.75]: 546 / 17
[16.1447, 16.9519]; [0.75, 0.8]: 346 / 11
[16.1447, 16.9519]; [0.8, 0.85]: 10 / 0
[16.1447, 16.9519]; [0.85, 0.9]: 0 / 0

[16.9519, 17.7591]; [-0.9, -0.85]: 0 / 0
[16.9519, 17.7591]; [-0.85, -0.8]: 24 / 0
[16.9519, 17.7591]; [-0.8, -0.75]: 330 / 12
[16.9519, 17.7591]; [-0.75, -0.7]: 404 / 13
[16.9519, 17.7591]; [-0.7, -0.65]: 405 / 11
[16.9519, 17.7591]; [-0.65, -0.6]: 391 / 11
[16.9519, 17.7591]; [-0.6, -0.55]: 364 / 7
[16.9519, 17.7591]; [-0.55, -0.5]: 338 / 14
[16.9519, 17.7591]; [-0.5, -0.45]: 361 / 11
[16.9519, 17.7591]; [-0.45, -0.4]: 373 / 16
[16.9519, 17.7591]; [-0.4, -0.35]: 360 / 11
[16.9519, 17.7591]; [-0.35, -0.3]: 299 / 13
[16.9519, 17.7591]; [-0.3, -0.25]: 326 / 10
[16.9519, 17.7591]; [-0.25, -0.2]: 360 / 9
[16.9519, 17.7591]; [-0.2, -0.15]: 316 / 7
[16.9519, 17.7591]; [-0.15, -0.1]: 353 / 12
[16.9519, 17.7591]; [-0.1, -0.05]: 339 / 6
[16.9519, 17.7591]; [-0.05, 0]: 329 / 12
[16.9519, 17.7591]; [0, 0.05]: 327 / 9
[16.9519, 17.7591]; [0.05, 0.1]: 301 / 10
[16.9519, 17.7591]; [0.1, 0.15]: 332 / 9
[16.9519, 17.7591]; [0.15, 0.2]: 338 / 9
[16.9519, 17.7591]; [0.2, 0.25]: 332 / 9
[16.9519, 17.7591]; [0.25, 0.3]: 342 / 14
[16.9519, 17.7591]; [0.3, 0.35]: 339 / 13
[16.9519, 17.7591]; [0.35, 0.4]: 355 / 7
[16.9519, 17.7591]; [0.4, 0.45]: 375 / 8
[16.9519, 17.7591]; [0.45, 0.5]: 359 / 8
[16.9519, 17.7591]; [0.5, 0.55]: 346 / 11
[16.9519, 17.7591]; [0.55, 0.6]: 386 / 8
[16.9519, 17.7591]; [0.6, 0.65]: 375 / 15
[16.9519, 17.7591]; [0.65, 0.7]: 411 / 11
[16.9519, 17.7591]; [0.7, 0.75]: 422 / 12
[16.9519, 17.7591]; [0.75, 0.8]: 301 / 13
[16.9519, 17.7591]; [0.8, 0.85]: 15 / 1
[16.9519, 17.7591]; [0.85, 0.9]: 0 / 0

[17.7591, 18.5664]; [-0.9, -0.85]: 0 / 0
[17.7591, 18.5664]; [-0.85, -0.8]: 53 / 3
[17.7591, 18.5664]; [-0.8, -0.75]: 313 / 6
[17.7591, 18.5664]; [-0.75, -0.7]: 307 / 10
[17.7591, 18.5664]; [-0.7, -0.65]: 289 / 12
[17.7591, 18.5664]; [-0.65, -0.6]: 307 / 10
[17.7591, 18.5664]; [-0.6, -0.55]: 275 / 7
[17.7591, 18.5664]; [-0.55, -0.5]: 245 / 8
[17.7591, 18.5664]; [-0.5, -0.45]: 285 / 5
[17.7591, 18.5664]; [-0.45, -0.4]: 256 / 11
[17.7591, 18.5664]; [-0.4, -0.35]: 279 / 7
[17.7591, 18.5664]; [-0.35, -0.3]: 256 / 7
[17.7591, 18.5664]; [-0.3, -0.25]: 250 / 9
[17.7591, 18.5664]; [-0.25, -0.2]: 256 / 6
[17.7591, 18.5664]; [-0.2, -0.15]: 256 / 13
[17.7591, 18.5664]; [-0.15, -0.1]: 266 / 9
[17.7591, 18.5664]; [-0.1, -0.05]: 264 / 11
[17.7591, 18.5664]; [-0.05, 0]: 277 / 7
[17.7591, 18.5664]; [0, 0.05]: 241 / 9
[17.7591, 18.5664]; [0.05, 0.1]: 268 / 9
[17.7591, 18.5664]; [0.1, 0.15]: 242 / 4
[17.7591, 18.5664]; [0.15, 0.2]: 262 / 7
[17.7591, 18.5664]; [0.2, 0.25]: 255 / 5
[17.7591, 18.5664]; [0.25, 0.3]: 270 / 8
[17.7591, 18.5664]; [0.3, 0.35]: 261 / 4
[17.7591, 18.5664]; [0.35, 0.4]: 265 / 2
[17.7591, 18.5664]; [0.4, 0.45]: 260 / 16
[17.7591, 18.5664]; [0.45, 0.5]: 284 / 6
[17.7591, 18.5664]; [0.5, 0.55]: 279 / 12
[17.7591, 18.5664]; [0.55, 0.6]: 310 / 7
[17.7591, 18.5664]; [0.6, 0.65]: 276 / 7
[17.7591, 18.5664]; [0.65, 0.7]: 337 / 10
[17.7591, 18.5664]; [0.7, 0.75]: 318 / 9
[17.7591, 18.5664]; [0.75, 0.8]: 289 / 12
[17.7591, 18.5664]; [0.8, 0.85]: 47 / 1
[17.7591, 18.5664]; [0.85, 0.9]: 0 / 0

[18.5664, 19.3736]; [-0.9, -0.85]: 0 / 0
[18.5664, 19.3736]; [-0.85, -0.8]: 66 / 1
[18.5664, 19.3736]; [-0.8, -0.75]: 230 / 8
[18.5664, 19.3736]; [-0.75, -0.7]: 236 / 8
[18.5664, 19.3736]; [-0.7, -0.65]: 224 / 2
[18.5664, 19.3736]; [-0.65, -0.6]: 241 / 4
[18.5664, 19.3736]; [-0.6, -0.55]: 199 / 7
[18.5664, 19.3736]; [-0.55, -0.5]: 196 / 4
[18.5664, 19.3736]; [-0.5, -0.45]: 190 / 5
[18.5664, 19.3736]; [-0.45, -0.4]: 196 / 5
[18.5664, 19.3736]; [-0.4, -0.35]: 228 / 7
[18.5664, 19.3736]; [-0.35, -0.3]: 198 / 10
[18.5664, 19.3736]; [-0.3, -0.25]: 199 / 3
[18.5664, 19.3736]; [-0.25, -0.2]: 218 / 6
[18.5664, 19.3736]; [-0.2, -0.15]: 194 / 4
[18.5664, 19.3736]; [-0.15, -0.1]: 184 / 5
[18.5664, 19.3736]; [-0.1, -0.05]: 198 / 6
[18.5664, 19.3736]; [-0.05, 0]: 177 / 4
[18.5664, 19.3736]; [0, 0.05]: 176 / 7
[18.5664, 19.3736]; [0.05, 0.1]: 177 / 10
[18.5664, 19.3736]; [0.1, 0.15]: 182 / 5
[18.5664, 19.3736]; [0.15, 0.2]: 192 / 4
[18.5664, 19.3736]; [0.2, 0.25]: 196 / 6
[18.5664, 19.3736]; [0.25, 0.3]: 219 / 10
[18.5664, 19.3736]; [0.3, 0.35]: 176 / 4
[18.5664, 19.3736]; [0.35, 0.4]: 180 / 9
[18.5664, 19.3736]; [0.4, 0.45]: 213 / 5
[18.5664, 19.3736]; [0.45, 0.5]: 190 / 6
[18.5664, 19.3736]; [0.5, 0.55]: 237 / 4
[18.5664, 19.3736]; [0.55, 0.6]: 241 / 6
[18.5664, 19.3736]; [0.6, 0.65]: 243 / 9
[18.5664, 19.3736]; [0.65, 0.7]: 234 / 11
[18.5664, 19.3736]; [0.7, 0.75]: 240 / 5
[18.5664, 19.3736]; [0.75, 0.8]: 259 / 8
[18.5664, 19.3736]; [0.8, 0.85]: 68 / 3
[18.5664, 19.3736]; [0.85, 0.9]: 0 / 0

[19.3736, 20.9881]; [-0.9, -0.85]: 0 / 0
[19.3736, 20.9881]; [-0.85, -0.8]: 161 / 6
[19.3736, 20.9881]; [-0.8, -0.75]: 369 / 7
[19.3736, 20.9881]; [-0.75, -0.7]: 353 / 10
[19.3736, 20.9881]; [-0.7, -0.65]: 301 / 7
[19.3736, 20.9881]; [-0.65, -0.6]: 308 / 11
[19.3736, 20.9881]; [-0.6, -0.55]: 332 / 6
[19.3736, 20.9881]; [-0.55, -0.5]: 283 / 12
[19.3736, 20.9881]; [-0.5, -0.45]: 303 / 10
[19.3736, 20.9881]; [-0.45, -0.4]: 254 / 8
[19.3736, 20.9881]; [-0.4, -0.35]: 279 / 11
[19.3736, 20.9881]; [-0.35, -0.3]: 284 / 11
[19.3736, 20.9881]; [-0.3, -0.25]: 239 / 9
[19.3736, 20.9881]; [-0.25, -0.2]: 247 / 5
[19.3736, 20.9881]; [-0.2, -0.15]: 225 / 5
[19.3736, 20.9881]; [-0.15, -0.1]: 255 / 5
[19.3736, 20.9881]; [-0.1, -0.05]: 252 / 9
[19.3736, 20.9881]; [-0.05, 0]: 261 / 11
[19.3736, 20.9881]; [0, 0.05]: 226 / 7
[19.3736, 20.9881]; [0.05, 0.1]: 222 / 3
[19.3736, 20.9881]; [0.1, 0.15]: 267 / 6
[19.3736, 20.9881]; [0.15, 0.2]: 243 / 6
[19.3736, 20.9881]; [0.2, 0.25]: 235 / 8
[19.3736, 20.9881]; [0.25, 0.3]: 267 / 9
[19.3736, 20.9881]; [0.3, 0.35]: 286 / 4
[19.3736, 20.9881]; [0.35, 0.4]: 279 / 7
[19.3736, 20.9881]; [0.4, 0.45]: 263 / 7
[19.3736, 20.9881]; [0.45, 0.5]: 296 / 10
[19.3736, 20.9881]; [0.5, 0.55]: 301 / 10
[19.3736, 20.9881]; [0.55, 0.6]: 284 / 6
[19.3736, 20.9881]; [0.6, 0.65]: 301 / 12
[19.3736, 20.9881]; [0.65, 0.7]: 315 / 6
[19.3736, 20.9881]; [0.7, 0.75]: 390 / 14
[19.3736, 20.9881]; [0.75, 0.8]: 335 / 12
[19.3736, 20.9881]; [0.8, 0.85]: 143 / 7
[19.3736, 20.9881]; [0.85, 0.9]: 0 / 0

[20.9881, 22.6025]; [-0.9, -0.85]: 1 / 0
[20.9881, 22.6025]; [-0.85, -0.8]: 163 / 1
[20.9881, 22.6025]; [-0.8, -0.75]: 243 / 9
[20.9881, 22.6025]; [-0.75, -0.7]: 215 / 4
[20.9881, 22.6025]; [-0.7, -0.65]: 205 / 7
[20.9881, 22.6025]; [-0.65, -0.6]: 178 / 6
[20.9881, 22.6025]; [-0.6, -0.55]: 212 / 3
[20.9881, 22.6025]; [-0.55, -0.5]: 177 / 8
[20.9881, 22.6025]; [-0.5, -0.45]: 200 / 4
[20.9881, 22.6025]; [-0.45, -0.4]: 180 / 3
[20.9881, 22.6025]; [-0.4, -0.35]: 176 / 12
[20.9881, 22.6025]; [-0.35, -0.3]: 159 / 4
[20.9881, 22.6025]; [-0.3, -0.25]: 163 / 4
[20.9881, 22.6025]; [-0.25, -0.2]: 141 / 3
[20.9881, 22.6025]; [-0.2, -0.15]: 157 / 5
[20.9881, 22.6025]; [-0.15, -0.1]: 120 / 3
[20.9881, 22.6025]; [-0.1, -0.05]: 125 / 2
[20.9881, 22.6025]; [-0.05, 0]: 141 / 1
[20.9881, 22.6025]; [0, 0.05]: 136 / 4
[20.9881, 22.6025]; [0.05, 0.1]: 134 / 4
[20.9881, 22.6025]; [0.1, 0.15]: 119 / 7
[20.9881, 22.6025]; [0.15, 0.2]: 138 / 4
[20.9881, 22.6025]; [0.2, 0.25]: 159 / 1
[20.9881, 22.6025]; [0.25, 0.3]: 155 / 5
[20.9881, 22.6025]; [0.3, 0.35]: 171 / 2
[20.9881, 22.6025]; [0.35, 0.4]: 172 / 5
[20.9881, 22.6025]; [0.4, 0.45]: 142 / 4
[20.9881, 22.6025]; [0.45, 0.5]: 178 / 7
[20.9881, 22.6025]; [0.5, 0.55]: 210 / 5
[20.9881, 22.6025]; [0.55, 0.6]: 199 / 6
[20.9881, 22.6025]; [0.6, 0.65]: 192 / 3
[20.9881, 22.6025]; [0.65, 0.7]: 189 / 6
[20.9881, 22.6025]; [0.7, 0.75]: 206 / 6
[20.9881, 22.6025]; [0.75, 0.8]: 218 / 6
[20.9881, 22.6025]; [0.8, 0.85]: 166 / 5
[20.9881, 22.6025]; [0.85, 0.9]: 0 / 0

