[pTmin, pTmax]; [cosmin, cosmax]: data entries / mc entries

[3.87472, 4.19761]; [-0.9, -0.85]: 0 / 0
[3.87472, 4.19761]; [-0.85, -0.8]: 0 / 0
[3.87472, 4.19761]; [-0.8, -0.75]: 0 / 0
[3.87472, 4.19761]; [-0.75, -0.7]: 0 / 0
[3.87472, 4.19761]; [-0.7, -0.65]: 0 / 0
[3.87472, 4.19761]; [-0.65, -0.6]: 0 / 0
[3.87472, 4.19761]; [-0.6, -0.55]: 0 / 0
[3.87472, 4.19761]; [-0.55, -0.5]: 0 / 0
[3.87472, 4.19761]; [-0.5, -0.45]: 0 / 0
[3.87472, 4.19761]; [-0.45, -0.4]: 0 / 0
[3.87472, 4.19761]; [-0.4, -0.35]: 0 / 0
[3.87472, 4.19761]; [-0.35, -0.3]: 266 / 18
[3.87472, 4.19761]; [-0.3, -0.25]: 11361 / 777
[3.87472, 4.19761]; [-0.25, -0.2]: 45107 / 3095
[3.87472, 4.19761]; [-0.2, -0.15]: 95607 / 6737
[3.87472, 4.19761]; [-0.15, -0.1]: 167089 / 11683
[3.87472, 4.19761]; [-0.1, -0.05]: 222260 / 15654
[3.87472, 4.19761]; [-0.05, 0]: 245262 / 17160
[3.87472, 4.19761]; [0, 0.05]: 244306 / 17328
[3.87472, 4.19761]; [0.05, 0.1]: 221799 / 15736
[3.87472, 4.19761]; [0.1, 0.15]: 166578 / 11794
[3.87472, 4.19761]; [0.15, 0.2]: 95625 / 6643
[3.87472, 4.19761]; [0.2, 0.25]: 45663 / 3240
[3.87472, 4.19761]; [0.25, 0.3]: 11377 / 831
[3.87472, 4.19761]; [0.3, 0.35]: 297 / 16
[3.87472, 4.19761]; [0.35, 0.4]: 0 / 0
[3.87472, 4.19761]; [0.4, 0.45]: 0 / 0
[3.87472, 4.19761]; [0.45, 0.5]: 0 / 0
[3.87472, 4.19761]; [0.5, 0.55]: 0 / 0
[3.87472, 4.19761]; [0.55, 0.6]: 0 / 0
[3.87472, 4.19761]; [0.6, 0.65]: 0 / 0
[3.87472, 4.19761]; [0.65, 0.7]: 0 / 0
[3.87472, 4.19761]; [0.7, 0.75]: 0 / 0
[3.87472, 4.19761]; [0.75, 0.8]: 0 / 0
[3.87472, 4.19761]; [0.8, 0.85]: 0 / 0
[3.87472, 4.19761]; [0.85, 0.9]: 0 / 0

[4.19761, 4.5205]; [-0.9, -0.85]: 0 / 0
[4.19761, 4.5205]; [-0.85, -0.8]: 0 / 0
[4.19761, 4.5205]; [-0.8, -0.75]: 0 / 0
[4.19761, 4.5205]; [-0.75, -0.7]: 0 / 0
[4.19761, 4.5205]; [-0.7, -0.65]: 0 / 0
[4.19761, 4.5205]; [-0.65, -0.6]: 0 / 0
[4.19761, 4.5205]; [-0.6, -0.55]: 0 / 0
[4.19761, 4.5205]; [-0.55, -0.5]: 0 / 0
[4.19761, 4.5205]; [-0.5, -0.45]: 0 / 0
[4.19761, 4.5205]; [-0.45, -0.4]: 0 / 0
[4.19761, 4.5205]; [-0.4, -0.35]: 116 / 12
[4.19761, 4.5205]; [-0.35, -0.3]: 7962 / 587
[4.19761, 4.5205]; [-0.3, -0.25]: 34105 / 2481
[4.19761, 4.5205]; [-0.25, -0.2]: 74595 / 5221
[4.19761, 4.5205]; [-0.2, -0.15]: 128091 / 9041
[4.19761, 4.5205]; [-0.15, -0.1]: 170455 / 11984
[4.19761, 4.5205]; [-0.1, -0.05]: 198728 / 14104
[4.19761, 4.5205]; [-0.05, 0]: 217003 / 15610
[4.19761, 4.5205]; [0, 0.05]: 215590 / 15633
[4.19761, 4.5205]; [0.05, 0.1]: 198181 / 14085
[4.19761, 4.5205]; [0.1, 0.15]: 169694 / 12033
[4.19761, 4.5205]; [0.15, 0.2]: 129093 / 9141
[4.19761, 4.5205]; [0.2, 0.25]: 73638 / 5260
[4.19761, 4.5205]; [0.25, 0.3]: 34092 / 2439
[4.19761, 4.5205]; [0.3, 0.35]: 8035 / 620
[4.19761, 4.5205]; [0.35, 0.4]: 130 / 11
[4.19761, 4.5205]; [0.4, 0.45]: 0 / 0
[4.19761, 4.5205]; [0.45, 0.5]: 0 / 0
[4.19761, 4.5205]; [0.5, 0.55]: 0 / 0
[4.19761, 4.5205]; [0.55, 0.6]: 0 / 0
[4.19761, 4.5205]; [0.6, 0.65]: 0 / 0
[4.19761, 4.5205]; [0.65, 0.7]: 0 / 0
[4.19761, 4.5205]; [0.7, 0.75]: 0 / 0
[4.19761, 4.5205]; [0.75, 0.8]: 0 / 0
[4.19761, 4.5205]; [0.8, 0.85]: 0 / 0
[4.19761, 4.5205]; [0.85, 0.9]: 0 / 0

[4.5205, 4.8434]; [-0.9, -0.85]: 0 / 0
[4.5205, 4.8434]; [-0.85, -0.8]: 0 / 0
[4.5205, 4.8434]; [-0.8, -0.75]: 0 / 0
[4.5205, 4.8434]; [-0.75, -0.7]: 0 / 0
[4.5205, 4.8434]; [-0.7, -0.65]: 0 / 0
[4.5205, 4.8434]; [-0.65, -0.6]: 0 / 0
[4.5205, 4.8434]; [-0.6, -0.55]: 0 / 0
[4.5205, 4.8434]; [-0.55, -0.5]: 0 / 0
[4.5205, 4.8434]; [-0.5, -0.45]: 0 / 0
[4.5205, 4.8434]; [-0.45, -0.4]: 8 / 1
[4.5205, 4.8434]; [-0.4, -0.35]: 3976 / 279
[4.5205, 4.8434]; [-0.35, -0.3]: 22671 / 1663
[4.5205, 4.8434]; [-0.3, -0.25]: 52848 / 3711
[4.5205, 4.8434]; [-0.25, -0.2]: 93399 / 6595
[4.5205, 4.8434]; [-0.2, -0.15]: 122799 / 9005
[4.5205, 4.8434]; [-0.15, -0.1]: 141588 / 10168
[4.5205, 4.8434]; [-0.1, -0.05]: 155072 / 10992
[4.5205, 4.8434]; [-0.05, 0]: 159408 / 11592
[4.5205, 4.8434]; [0, 0.05]: 159733 / 11624
[4.5205, 4.8434]; [0.05, 0.1]: 154790 / 11190
[4.5205, 4.8434]; [0.1, 0.15]: 141917 / 10048
[4.5205, 4.8434]; [0.15, 0.2]: 121976 / 8738
[4.5205, 4.8434]; [0.2, 0.25]: 92628 / 6746
[4.5205, 4.8434]; [0.25, 0.3]: 52450 / 3715
[4.5205, 4.8434]; [0.3, 0.35]: 22533 / 1632
[4.5205, 4.8434]; [0.35, 0.4]: 4085 / 293
[4.5205, 4.8434]; [0.4, 0.45]: 7 / 1
[4.5205, 4.8434]; [0.45, 0.5]: 0 / 0
[4.5205, 4.8434]; [0.5, 0.55]: 0 / 0
[4.5205, 4.8434]; [0.55, 0.6]: 0 / 0
[4.5205, 4.8434]; [0.6, 0.65]: 0 / 0
[4.5205, 4.8434]; [0.65, 0.7]: 0 / 0
[4.5205, 4.8434]; [0.7, 0.75]: 0 / 0
[4.5205, 4.8434]; [0.75, 0.8]: 0 / 0
[4.5205, 4.8434]; [0.8, 0.85]: 0 / 0
[4.5205, 4.8434]; [0.85, 0.9]: 0 / 0

[4.8434, 5.16629]; [-0.9, -0.85]: 0 / 0
[4.8434, 5.16629]; [-0.85, -0.8]: 0 / 0
[4.8434, 5.16629]; [-0.8, -0.75]: 0 / 0
[4.8434, 5.16629]; [-0.75, -0.7]: 0 / 0
[4.8434, 5.16629]; [-0.7, -0.65]: 0 / 0
[4.8434, 5.16629]; [-0.65, -0.6]: 0 / 0
[4.8434, 5.16629]; [-0.6, -0.55]: 0 / 0
[4.8434, 5.16629]; [-0.55, -0.5]: 0 / 0
[4.8434, 5.16629]; [-0.5, -0.45]: 0 / 0
[4.8434, 5.16629]; [-0.45, -0.4]: 1334 / 81
[4.8434, 5.16629]; [-0.4, -0.35]: 13030 / 932
[4.8434, 5.16629]; [-0.35, -0.3]: 34896 / 2429
[4.8434, 5.16629]; [-0.3, -0.25]: 65250 / 4666
[4.8434, 5.16629]; [-0.25, -0.2]: 87250 / 6260
[4.8434, 5.16629]; [-0.2, -0.15]: 100778 / 7206
[4.8434, 5.16629]; [-0.15, -0.1]: 110117 / 8012
[4.8434, 5.16629]; [-0.1, -0.05]: 112055 / 8047
[4.8434, 5.16629]; [-0.05, 0]: 112975 / 8092
[4.8434, 5.16629]; [0, 0.05]: 112494 / 8056
[4.8434, 5.16629]; [0.05, 0.1]: 112114 / 8091
[4.8434, 5.16629]; [0.1, 0.15]: 110675 / 7979
[4.8434, 5.16629]; [0.15, 0.2]: 101322 / 7223
[4.8434, 5.16629]; [0.2, 0.25]: 86742 / 6191
[4.8434, 5.16629]; [0.25, 0.3]: 64956 / 4630
[4.8434, 5.16629]; [0.3, 0.35]: 34673 / 2517
[4.8434, 5.16629]; [0.35, 0.4]: 13093 / 926
[4.8434, 5.16629]; [0.4, 0.45]: 1325 / 103
[4.8434, 5.16629]; [0.45, 0.5]: 0 / 0
[4.8434, 5.16629]; [0.5, 0.55]: 0 / 0
[4.8434, 5.16629]; [0.55, 0.6]: 0 / 0
[4.8434, 5.16629]; [0.6, 0.65]: 0 / 0
[4.8434, 5.16629]; [0.65, 0.7]: 0 / 0
[4.8434, 5.16629]; [0.7, 0.75]: 0 / 0
[4.8434, 5.16629]; [0.75, 0.8]: 0 / 0
[4.8434, 5.16629]; [0.8, 0.85]: 0 / 0
[4.8434, 5.16629]; [0.85, 0.9]: 0 / 0

[5.16629, 5.48918]; [-0.9, -0.85]: 0 / 0
[5.16629, 5.48918]; [-0.85, -0.8]: 0 / 0
[5.16629, 5.48918]; [-0.8, -0.75]: 0 / 0
[5.16629, 5.48918]; [-0.75, -0.7]: 0 / 0
[5.16629, 5.48918]; [-0.7, -0.65]: 0 / 0
[5.16629, 5.48918]; [-0.65, -0.6]: 0 / 0
[5.16629, 5.48918]; [-0.6, -0.55]: 0 / 0
[5.16629, 5.48918]; [-0.55, -0.5]: 0 / 0
[5.16629, 5.48918]; [-0.5, -0.45]: 139 / 12
[5.16629, 5.48918]; [-0.45, -0.4]: 5971 / 440
[5.16629, 5.48918]; [-0.4, -0.35]: 20404 / 1439
[5.16629, 5.48918]; [-0.35, -0.3]: 43334 / 3082
[5.16629, 5.48918]; [-0.3, -0.25]: 61462 / 4384
[5.16629, 5.48918]; [-0.25, -0.2]: 72255 / 5234
[5.16629, 5.48918]; [-0.2, -0.15]: 79024 / 5681
[5.16629, 5.48918]; [-0.15, -0.1]: 80720 / 5799
[5.16629, 5.48918]; [-0.1, -0.05]: 80199 / 5871
[5.16629, 5.48918]; [-0.05, 0]: 80825 / 5861
[5.16629, 5.48918]; [0, 0.05]: 80228 / 5897
[5.16629, 5.48918]; [0.05, 0.1]: 80763 / 5752
[5.16629, 5.48918]; [0.1, 0.15]: 80667 / 5898
[5.16629, 5.48918]; [0.15, 0.2]: 78646 / 5688
[5.16629, 5.48918]; [0.2, 0.25]: 72775 / 5214
[5.16629, 5.48918]; [0.25, 0.3]: 60841 / 4450
[5.16629, 5.48918]; [0.3, 0.35]: 43190 / 3062
[5.16629, 5.48918]; [0.35, 0.4]: 20765 / 1505
[5.16629, 5.48918]; [0.4, 0.45]: 6117 / 407
[5.16629, 5.48918]; [0.45, 0.5]: 153 / 11
[5.16629, 5.48918]; [0.5, 0.55]: 0 / 0
[5.16629, 5.48918]; [0.55, 0.6]: 0 / 0
[5.16629, 5.48918]; [0.6, 0.65]: 0 / 0
[5.16629, 5.48918]; [0.65, 0.7]: 0 / 0
[5.16629, 5.48918]; [0.7, 0.75]: 0 / 0
[5.16629, 5.48918]; [0.75, 0.8]: 0 / 0
[5.16629, 5.48918]; [0.8, 0.85]: 0 / 0
[5.16629, 5.48918]; [0.85, 0.9]: 0 / 0

[5.48918, 5.81208]; [-0.9, -0.85]: 0 / 0
[5.48918, 5.81208]; [-0.85, -0.8]: 0 / 0
[5.48918, 5.81208]; [-0.8, -0.75]: 0 / 0
[5.48918, 5.81208]; [-0.75, -0.7]: 0 / 0
[5.48918, 5.81208]; [-0.7, -0.65]: 0 / 0
[5.48918, 5.81208]; [-0.65, -0.6]: 0 / 0
[5.48918, 5.81208]; [-0.6, -0.55]: 0 / 0
[5.48918, 5.81208]; [-0.55, -0.5]: 0 / 0
[5.48918, 5.81208]; [-0.5, -0.45]: 1697 / 107
[5.48918, 5.81208]; [-0.45, -0.4]: 10934 / 815
[5.48918, 5.81208]; [-0.4, -0.35]: 27159 / 1903
[5.48918, 5.81208]; [-0.35, -0.3]: 42814 / 3140
[5.48918, 5.81208]; [-0.3, -0.25]: 52055 / 3794
[5.48918, 5.81208]; [-0.25, -0.2]: 57302 / 4192
[5.48918, 5.81208]; [-0.2, -0.15]: 58104 / 4224
[5.48918, 5.81208]; [-0.15, -0.1]: 58308 / 4221
[5.48918, 5.81208]; [-0.1, -0.05]: 58271 / 4154
[5.48918, 5.81208]; [-0.05, 0]: 58694 / 4227
[5.48918, 5.81208]; [0, 0.05]: 58125 / 4223
[5.48918, 5.81208]; [0.05, 0.1]: 58320 / 4289
[5.48918, 5.81208]; [0.1, 0.15]: 58365 / 4289
[5.48918, 5.81208]; [0.15, 0.2]: 58194 / 4332
[5.48918, 5.81208]; [0.2, 0.25]: 56837 / 4136
[5.48918, 5.81208]; [0.25, 0.3]: 51707 / 3768
[5.48918, 5.81208]; [0.3, 0.35]: 42259 / 3070
[5.48918, 5.81208]; [0.35, 0.4]: 27058 / 1926
[5.48918, 5.81208]; [0.4, 0.45]: 10949 / 809
[5.48918, 5.81208]; [0.45, 0.5]: 1745 / 119
[5.48918, 5.81208]; [0.5, 0.55]: 0 / 0
[5.48918, 5.81208]; [0.55, 0.6]: 0 / 0
[5.48918, 5.81208]; [0.6, 0.65]: 0 / 0
[5.48918, 5.81208]; [0.65, 0.7]: 0 / 0
[5.48918, 5.81208]; [0.7, 0.75]: 0 / 0
[5.48918, 5.81208]; [0.75, 0.8]: 0 / 0
[5.48918, 5.81208]; [0.8, 0.85]: 0 / 0
[5.48918, 5.81208]; [0.85, 0.9]: 0 / 0

[5.81208, 6.13497]; [-0.9, -0.85]: 0 / 0
[5.81208, 6.13497]; [-0.85, -0.8]: 0 / 0
[5.81208, 6.13497]; [-0.8, -0.75]: 0 / 0
[5.81208, 6.13497]; [-0.75, -0.7]: 0 / 0
[5.81208, 6.13497]; [-0.7, -0.65]: 0 / 0
[5.81208, 6.13497]; [-0.65, -0.6]: 0 / 0
[5.81208, 6.13497]; [-0.6, -0.55]: 0 / 0
[5.81208, 6.13497]; [-0.55, -0.5]: 162 / 13
[5.81208, 6.13497]; [-0.5, -0.45]: 4579 / 312
[5.81208, 6.13497]; [-0.45, -0.4]: 15153 / 1093
[5.81208, 6.13497]; [-0.4, -0.35]: 28943 / 1977
[5.81208, 6.13497]; [-0.35, -0.3]: 37315 / 2631
[5.81208, 6.13497]; [-0.3, -0.25]: 41582 / 3078
[5.81208, 6.13497]; [-0.25, -0.2]: 42888 / 3052
[5.81208, 6.13497]; [-0.2, -0.15]: 42686 / 3114
[5.81208, 6.13497]; [-0.15, -0.1]: 43265 / 3190
[5.81208, 6.13497]; [-0.1, -0.05]: 42914 / 3024
[5.81208, 6.13497]; [-0.05, 0]: 42779 / 3142
[5.81208, 6.13497]; [0, 0.05]: 42526 / 3144
[5.81208, 6.13497]; [0.05, 0.1]: 42857 / 3219
[5.81208, 6.13497]; [0.1, 0.15]: 43197 / 3086
[5.81208, 6.13497]; [0.15, 0.2]: 43171 / 3035
[5.81208, 6.13497]; [0.2, 0.25]: 42568 / 3143
[5.81208, 6.13497]; [0.25, 0.3]: 41403 / 2936
[5.81208, 6.13497]; [0.3, 0.35]: 37173 / 2680
[5.81208, 6.13497]; [0.35, 0.4]: 28354 / 2026
[5.81208, 6.13497]; [0.4, 0.45]: 15037 / 1126
[5.81208, 6.13497]; [0.45, 0.5]: 4515 / 322
[5.81208, 6.13497]; [0.5, 0.55]: 158 / 13
[5.81208, 6.13497]; [0.55, 0.6]: 0 / 0
[5.81208, 6.13497]; [0.6, 0.65]: 0 / 0
[5.81208, 6.13497]; [0.65, 0.7]: 0 / 0
[5.81208, 6.13497]; [0.7, 0.75]: 0 / 0
[5.81208, 6.13497]; [0.75, 0.8]: 0 / 0
[5.81208, 6.13497]; [0.8, 0.85]: 0 / 0
[5.81208, 6.13497]; [0.85, 0.9]: 0 / 0

[6.13497, 6.45786]; [-0.9, -0.85]: 0 / 0
[6.13497, 6.45786]; [-0.85, -0.8]: 0 / 0
[6.13497, 6.45786]; [-0.8, -0.75]: 0 / 0
[6.13497, 6.45786]; [-0.75, -0.7]: 0 / 0
[6.13497, 6.45786]; [-0.7, -0.65]: 0 / 0
[6.13497, 6.45786]; [-0.65, -0.6]: 0 / 0
[6.13497, 6.45786]; [-0.6, -0.55]: 0 / 0
[6.13497, 6.45786]; [-0.55, -0.5]: 975 / 70
[6.13497, 6.45786]; [-0.5, -0.45]: 7263 / 511
[6.13497, 6.45786]; [-0.45, -0.4]: 18077 / 1259
[6.13497, 6.45786]; [-0.4, -0.35]: 26080 / 1879
[6.13497, 6.45786]; [-0.35, -0.3]: 30240 / 2222
[6.13497, 6.45786]; [-0.3, -0.25]: 31904 / 2237
[6.13497, 6.45786]; [-0.25, -0.2]: 31889 / 2366
[6.13497, 6.45786]; [-0.2, -0.15]: 31900 / 2285
[6.13497, 6.45786]; [-0.15, -0.1]: 32093 / 2256
[6.13497, 6.45786]; [-0.1, -0.05]: 31844 / 2371
[6.13497, 6.45786]; [-0.05, 0]: 32258 / 2290
[6.13497, 6.45786]; [0, 0.05]: 32102 / 2338
[6.13497, 6.45786]; [0.05, 0.1]: 31697 / 2306
[6.13497, 6.45786]; [0.1, 0.15]: 32259 / 2304
[6.13497, 6.45786]; [0.15, 0.2]: 32269 / 2402
[6.13497, 6.45786]; [0.2, 0.25]: 31998 / 2342
[6.13497, 6.45786]; [0.25, 0.3]: 31796 / 2308
[6.13497, 6.45786]; [0.3, 0.35]: 30792 / 2171
[6.13497, 6.45786]; [0.35, 0.4]: 26017 / 1868
[6.13497, 6.45786]; [0.4, 0.45]: 17696 / 1294
[6.13497, 6.45786]; [0.45, 0.5]: 7072 / 524
[6.13497, 6.45786]; [0.5, 0.55]: 1054 / 76
[6.13497, 6.45786]; [0.55, 0.6]: 0 / 0
[6.13497, 6.45786]; [0.6, 0.65]: 0 / 0
[6.13497, 6.45786]; [0.65, 0.7]: 0 / 0
[6.13497, 6.45786]; [0.7, 0.75]: 0 / 0
[6.13497, 6.45786]; [0.75, 0.8]: 0 / 0
[6.13497, 6.45786]; [0.8, 0.85]: 0 / 0
[6.13497, 6.45786]; [0.85, 0.9]: 0 / 0

[6.45786, 7.10365]; [-0.9, -0.85]: 0 / 0
[6.45786, 7.10365]; [-0.85, -0.8]: 0 / 0
[6.45786, 7.10365]; [-0.8, -0.75]: 0 / 0
[6.45786, 7.10365]; [-0.75, -0.7]: 0 / 0
[6.45786, 7.10365]; [-0.7, -0.65]: 0 / 0
[6.45786, 7.10365]; [-0.65, -0.6]: 0 / 0
[6.45786, 7.10365]; [-0.6, -0.55]: 374 / 29
[6.45786, 7.10365]; [-0.55, -0.5]: 6497 / 479
[6.45786, 7.10365]; [-0.5, -0.45]: 20533 / 1434
[6.45786, 7.10365]; [-0.45, -0.4]: 33634 / 2341
[6.45786, 7.10365]; [-0.4, -0.35]: 40371 / 2798
[6.45786, 7.10365]; [-0.35, -0.3]: 42888 / 3069
[6.45786, 7.10365]; [-0.3, -0.25]: 42925 / 3013
[6.45786, 7.10365]; [-0.25, -0.2]: 42783 / 2988
[6.45786, 7.10365]; [-0.2, -0.15]: 42439 / 3071
[6.45786, 7.10365]; [-0.15, -0.1]: 42524 / 2968
[6.45786, 7.10365]; [-0.1, -0.05]: 42024 / 3095
[6.45786, 7.10365]; [-0.05, 0]: 42194 / 3015
[6.45786, 7.10365]; [0, 0.05]: 42500 / 3074
[6.45786, 7.10365]; [0.05, 0.1]: 42444 / 3063
[6.45786, 7.10365]; [0.1, 0.15]: 42571 / 3067
[6.45786, 7.10365]; [0.15, 0.2]: 42324 / 3014
[6.45786, 7.10365]; [0.2, 0.25]: 42788 / 3007
[6.45786, 7.10365]; [0.25, 0.3]: 42955 / 3029
[6.45786, 7.10365]; [0.3, 0.35]: 42966 / 3028
[6.45786, 7.10365]; [0.35, 0.4]: 40232 / 2933
[6.45786, 7.10365]; [0.4, 0.45]: 33275 / 2408
[6.45786, 7.10365]; [0.45, 0.5]: 20259 / 1405
[6.45786, 7.10365]; [0.5, 0.55]: 6476 / 475
[6.45786, 7.10365]; [0.55, 0.6]: 395 / 25
[6.45786, 7.10365]; [0.6, 0.65]: 0 / 0
[6.45786, 7.10365]; [0.65, 0.7]: 0 / 0
[6.45786, 7.10365]; [0.7, 0.75]: 0 / 0
[6.45786, 7.10365]; [0.75, 0.8]: 0 / 0
[6.45786, 7.10365]; [0.8, 0.85]: 0 / 0
[6.45786, 7.10365]; [0.85, 0.9]: 0 / 0

[7.10365, 7.74943]; [-0.9, -0.85]: 0 / 0
[7.10365, 7.74943]; [-0.85, -0.8]: 0 / 0
[7.10365, 7.74943]; [-0.8, -0.75]: 0 / 0
[7.10365, 7.74943]; [-0.75, -0.7]: 0 / 0
[7.10365, 7.74943]; [-0.7, -0.65]: 0 / 0
[7.10365, 7.74943]; [-0.65, -0.6]: 29 / 5
[7.10365, 7.74943]; [-0.6, -0.55]: 2696 / 188
[7.10365, 7.74943]; [-0.55, -0.5]: 11255 / 744
[7.10365, 7.74943]; [-0.5, -0.45]: 20553 / 1467
[7.10365, 7.74943]; [-0.45, -0.4]: 24577 / 1735
[7.10365, 7.74943]; [-0.4, -0.35]: 25851 / 1868
[7.10365, 7.74943]; [-0.35, -0.3]: 25276 / 1822
[7.10365, 7.74943]; [-0.3, -0.25]: 25388 / 1767
[7.10365, 7.74943]; [-0.25, -0.2]: 25185 / 1790
[7.10365, 7.74943]; [-0.2, -0.15]: 25259 / 1789
[7.10365, 7.74943]; [-0.15, -0.1]: 25229 / 1770
[7.10365, 7.74943]; [-0.1, -0.05]: 25142 / 1830
[7.10365, 7.74943]; [-0.05, 0]: 24809 / 1753
[7.10365, 7.74943]; [0, 0.05]: 24812 / 1784
[7.10365, 7.74943]; [0.05, 0.1]: 24985 / 1776
[7.10365, 7.74943]; [0.1, 0.15]: 25050 / 1804
[7.10365, 7.74943]; [0.15, 0.2]: 25109 / 1833
[7.10365, 7.74943]; [0.2, 0.25]: 25292 / 1789
[7.10365, 7.74943]; [0.25, 0.3]: 25581 / 1805
[7.10365, 7.74943]; [0.3, 0.35]: 25729 / 1817
[7.10365, 7.74943]; [0.35, 0.4]: 25585 / 1842
[7.10365, 7.74943]; [0.4, 0.45]: 24676 / 1683
[7.10365, 7.74943]; [0.45, 0.5]: 20339 / 1505
[7.10365, 7.74943]; [0.5, 0.55]: 11211 / 825
[7.10365, 7.74943]; [0.55, 0.6]: 2645 / 190
[7.10365, 7.74943]; [0.6, 0.65]: 29 / 1
[7.10365, 7.74943]; [0.65, 0.7]: 0 / 0
[7.10365, 7.74943]; [0.7, 0.75]: 0 / 0
[7.10365, 7.74943]; [0.75, 0.8]: 0 / 0
[7.10365, 7.74943]; [0.8, 0.85]: 0 / 0
[7.10365, 7.74943]; [0.85, 0.9]: 0 / 0

[7.74943, 8.39522]; [-0.9, -0.85]: 0 / 0
[7.74943, 8.39522]; [-0.85, -0.8]: 0 / 0
[7.74943, 8.39522]; [-0.8, -0.75]: 0 / 0
[7.74943, 8.39522]; [-0.75, -0.7]: 0 / 0
[7.74943, 8.39522]; [-0.7, -0.65]: 0 / 0
[7.74943, 8.39522]; [-0.65, -0.6]: 615 / 32
[7.74943, 8.39522]; [-0.6, -0.55]: 5359 / 344
[7.74943, 8.39522]; [-0.55, -0.5]: 12154 / 802
[7.74943, 8.39522]; [-0.5, -0.45]: 15488 / 1064
[7.74943, 8.39522]; [-0.45, -0.4]: 16129 / 1186
[7.74943, 8.39522]; [-0.4, -0.35]: 15793 / 1144
[7.74943, 8.39522]; [-0.35, -0.3]: 15675 / 1108
[7.74943, 8.39522]; [-0.3, -0.25]: 15615 / 1105
[7.74943, 8.39522]; [-0.25, -0.2]: 15505 / 1079
[7.74943, 8.39522]; [-0.2, -0.15]: 15496 / 1088
[7.74943, 8.39522]; [-0.15, -0.1]: 15670 / 1143
[7.74943, 8.39522]; [-0.1, -0.05]: 15604 / 1085
[7.74943, 8.39522]; [-0.05, 0]: 15247 / 1079
[7.74943, 8.39522]; [0, 0.05]: 15227 / 1047
[7.74943, 8.39522]; [0.05, 0.1]: 15302 / 1076
[7.74943, 8.39522]; [0.1, 0.15]: 15450 / 1020
[7.74943, 8.39522]; [0.15, 0.2]: 15333 / 1085
[7.74943, 8.39522]; [0.2, 0.25]: 15778 / 1055
[7.74943, 8.39522]; [0.25, 0.3]: 15440 / 1037
[7.74943, 8.39522]; [0.3, 0.35]: 16020 / 1098
[7.74943, 8.39522]; [0.35, 0.4]: 16095 / 1058
[7.74943, 8.39522]; [0.4, 0.45]: 15938 / 1089
[7.74943, 8.39522]; [0.45, 0.5]: 15701 / 1095
[7.74943, 8.39522]; [0.5, 0.55]: 12441 / 848
[7.74943, 8.39522]; [0.55, 0.6]: 5382 / 375
[7.74943, 8.39522]; [0.6, 0.65]: 619 / 50
[7.74943, 8.39522]; [0.65, 0.7]: 0 / 0
[7.74943, 8.39522]; [0.7, 0.75]: 0 / 0
[7.74943, 8.39522]; [0.75, 0.8]: 0 / 0
[7.74943, 8.39522]; [0.8, 0.85]: 0 / 0
[7.74943, 8.39522]; [0.85, 0.9]: 0 / 0

[8.39522, 9.04101]; [-0.9, -0.85]: 0 / 0
[8.39522, 9.04101]; [-0.85, -0.8]: 0 / 0
[8.39522, 9.04101]; [-0.8, -0.75]: 0 / 0
[8.39522, 9.04101]; [-0.75, -0.7]: 0 / 0
[8.39522, 9.04101]; [-0.7, -0.65]: 18 / 2
[8.39522, 9.04101]; [-0.65, -0.6]: 1845 / 102
[8.39522, 9.04101]; [-0.6, -0.55]: 6672 / 459
[8.39522, 9.04101]; [-0.55, -0.5]: 9768 / 644
[8.39522, 9.04101]; [-0.5, -0.45]: 10580 / 689
[8.39522, 9.04101]; [-0.45, -0.4]: 10592 / 731
[8.39522, 9.04101]; [-0.4, -0.35]: 10116 / 717
[8.39522, 9.04101]; [-0.35, -0.3]: 10260 / 726
[8.39522, 9.04101]; [-0.3, -0.25]: 10021 / 676
[8.39522, 9.04101]; [-0.25, -0.2]: 10155 / 704
[8.39522, 9.04101]; [-0.2, -0.15]: 10096 / 690
[8.39522, 9.04101]; [-0.15, -0.1]: 10008 / 683
[8.39522, 9.04101]; [-0.1, -0.05]: 9864 / 686
[8.39522, 9.04101]; [-0.05, 0]: 9928 / 686
[8.39522, 9.04101]; [0, 0.05]: 9871 / 680
[8.39522, 9.04101]; [0.05, 0.1]: 9916 / 694
[8.39522, 9.04101]; [0.1, 0.15]: 9970 / 673
[8.39522, 9.04101]; [0.15, 0.2]: 9902 / 699
[8.39522, 9.04101]; [0.2, 0.25]: 10152 / 675
[8.39522, 9.04101]; [0.25, 0.3]: 10146 / 689
[8.39522, 9.04101]; [0.3, 0.35]: 10299 / 647
[8.39522, 9.04101]; [0.35, 0.4]: 10318 / 653
[8.39522, 9.04101]; [0.4, 0.45]: 10464 / 711
[8.39522, 9.04101]; [0.45, 0.5]: 10723 / 699
[8.39522, 9.04101]; [0.5, 0.55]: 9687 / 641
[8.39522, 9.04101]; [0.55, 0.6]: 6720 / 450
[8.39522, 9.04101]; [0.6, 0.65]: 1732 / 106
[8.39522, 9.04101]; [0.65, 0.7]: 25 / 3
[8.39522, 9.04101]; [0.7, 0.75]: 0 / 0
[8.39522, 9.04101]; [0.75, 0.8]: 0 / 0
[8.39522, 9.04101]; [0.8, 0.85]: 0 / 0
[8.39522, 9.04101]; [0.85, 0.9]: 0 / 0

[9.04101, 9.68679]; [-0.9, -0.85]: 0 / 0
[9.04101, 9.68679]; [-0.85, -0.8]: 0 / 0
[9.04101, 9.68679]; [-0.8, -0.75]: 0 / 0
[9.04101, 9.68679]; [-0.75, -0.7]: 0 / 0
[9.04101, 9.68679]; [-0.7, -0.65]: 292 / 17
[9.04101, 9.68679]; [-0.65, -0.6]: 3039 / 194
[9.04101, 9.68679]; [-0.6, -0.55]: 6224 / 403
[9.04101, 9.68679]; [-0.55, -0.5]: 6971 / 476
[9.04101, 9.68679]; [-0.5, -0.45]: 7015 / 477
[9.04101, 9.68679]; [-0.45, -0.4]: 6767 / 475
[9.04101, 9.68679]; [-0.4, -0.35]: 6769 / 455
[9.04101, 9.68679]; [-0.35, -0.3]: 6710 / 462
[9.04101, 9.68679]; [-0.3, -0.25]: 6602 / 440
[9.04101, 9.68679]; [-0.25, -0.2]: 6744 / 435
[9.04101, 9.68679]; [-0.2, -0.15]: 6573 / 435
[9.04101, 9.68679]; [-0.15, -0.1]: 6533 / 469
[9.04101, 9.68679]; [-0.1, -0.05]: 6675 / 487
[9.04101, 9.68679]; [-0.05, 0]: 6505 / 448
[9.04101, 9.68679]; [0, 0.05]: 6607 / 450
[9.04101, 9.68679]; [0.05, 0.1]: 6523 / 444
[9.04101, 9.68679]; [0.1, 0.15]: 6535 / 466
[9.04101, 9.68679]; [0.15, 0.2]: 6527 / 470
[9.04101, 9.68679]; [0.2, 0.25]: 6599 / 487
[9.04101, 9.68679]; [0.25, 0.3]: 6562 / 455
[9.04101, 9.68679]; [0.3, 0.35]: 6743 / 443
[9.04101, 9.68679]; [0.35, 0.4]: 6740 / 453
[9.04101, 9.68679]; [0.4, 0.45]: 6869 / 433
[9.04101, 9.68679]; [0.45, 0.5]: 6995 / 445
[9.04101, 9.68679]; [0.5, 0.55]: 7188 / 462
[9.04101, 9.68679]; [0.55, 0.6]: 6198 / 393
[9.04101, 9.68679]; [0.6, 0.65]: 3082 / 206
[9.04101, 9.68679]; [0.65, 0.7]: 290 / 18
[9.04101, 9.68679]; [0.7, 0.75]: 0 / 0
[9.04101, 9.68679]; [0.75, 0.8]: 0 / 0
[9.04101, 9.68679]; [0.8, 0.85]: 0 / 0
[9.04101, 9.68679]; [0.85, 0.9]: 0 / 0

[9.68679, 10.3326]; [-0.9, -0.85]: 0 / 0
[9.68679, 10.3326]; [-0.85, -0.8]: 0 / 0
[9.68679, 10.3326]; [-0.8, -0.75]: 0 / 0
[9.68679, 10.3326]; [-0.75, -0.7]: 1 / 0
[9.68679, 10.3326]; [-0.7, -0.65]: 721 / 58
[9.68679, 10.3326]; [-0.65, -0.6]: 3385 / 239
[9.68679, 10.3326]; [-0.6, -0.55]: 4826 / 273
[9.68679, 10.3326]; [-0.55, -0.5]: 4882 / 338
[9.68679, 10.3326]; [-0.5, -0.45]: 4795 / 341
[9.68679, 10.3326]; [-0.45, -0.4]: 4559 / 310
[9.68679, 10.3326]; [-0.4, -0.35]: 4600 / 303
[9.68679, 10.3326]; [-0.35, -0.3]: 4582 / 289
[9.68679, 10.3326]; [-0.3, -0.25]: 4522 / 295
[9.68679, 10.3326]; [-0.25, -0.2]: 4533 / 246
[9.68679, 10.3326]; [-0.2, -0.15]: 4441 / 309
[9.68679, 10.3326]; [-0.15, -0.1]: 4416 / 283
[9.68679, 10.3326]; [-0.1, -0.05]: 4474 / 274
[9.68679, 10.3326]; [-0.05, 0]: 4365 / 287
[9.68679, 10.3326]; [0, 0.05]: 4314 / 269
[9.68679, 10.3326]; [0.05, 0.1]: 4462 / 315
[9.68679, 10.3326]; [0.1, 0.15]: 4393 / 296
[9.68679, 10.3326]; [0.15, 0.2]: 4391 / 275
[9.68679, 10.3326]; [0.2, 0.25]: 4578 / 284
[9.68679, 10.3326]; [0.25, 0.3]: 4471 / 295
[9.68679, 10.3326]; [0.3, 0.35]: 4534 / 316
[9.68679, 10.3326]; [0.35, 0.4]: 4690 / 302
[9.68679, 10.3326]; [0.4, 0.45]: 4674 / 312
[9.68679, 10.3326]; [0.45, 0.5]: 4819 / 337
[9.68679, 10.3326]; [0.5, 0.55]: 4877 / 330
[9.68679, 10.3326]; [0.55, 0.6]: 4707 / 311
[9.68679, 10.3326]; [0.6, 0.65]: 3403 / 193
[9.68679, 10.3326]; [0.65, 0.7]: 761 / 47
[9.68679, 10.3326]; [0.7, 0.75]: 1 / 0
[9.68679, 10.3326]; [0.75, 0.8]: 0 / 0
[9.68679, 10.3326]; [0.8, 0.85]: 0 / 0
[9.68679, 10.3326]; [0.85, 0.9]: 0 / 0

[10.3326, 10.9784]; [-0.9, -0.85]: 0 / 0
[10.3326, 10.9784]; [-0.85, -0.8]: 0 / 0
[10.3326, 10.9784]; [-0.8, -0.75]: 0 / 0
[10.3326, 10.9784]; [-0.75, -0.7]: 46 / 4
[10.3326, 10.9784]; [-0.7, -0.65]: 1214 / 78
[10.3326, 10.9784]; [-0.65, -0.6]: 2952 / 202
[10.3326, 10.9784]; [-0.6, -0.55]: 3377 / 214
[10.3326, 10.9784]; [-0.55, -0.5]: 3353 / 204
[10.3326, 10.9784]; [-0.5, -0.45]: 3358 / 189
[10.3326, 10.9784]; [-0.45, -0.4]: 3412 / 190
[10.3326, 10.9784]; [-0.4, -0.35]: 3226 / 228
[10.3326, 10.9784]; [-0.35, -0.3]: 3183 / 196
[10.3326, 10.9784]; [-0.3, -0.25]: 3125 / 205
[10.3326, 10.9784]; [-0.25, -0.2]: 3047 / 184
[10.3326, 10.9784]; [-0.2, -0.15]: 3065 / 179
[10.3326, 10.9784]; [-0.15, -0.1]: 3153 / 216
[10.3326, 10.9784]; [-0.1, -0.05]: 2955 / 163
[10.3326, 10.9784]; [-0.05, 0]: 3021 / 194
[10.3326, 10.9784]; [0, 0.05]: 3120 / 201
[10.3326, 10.9784]; [0.05, 0.1]: 3058 / 182
[10.3326, 10.9784]; [0.1, 0.15]: 3087 / 191
[10.3326, 10.9784]; [0.15, 0.2]: 3100 / 200
[10.3326, 10.9784]; [0.2, 0.25]: 3138 / 191
[10.3326, 10.9784]; [0.25, 0.3]: 3168 / 220
[10.3326, 10.9784]; [0.3, 0.35]: 3094 / 204
[10.3326, 10.9784]; [0.35, 0.4]: 3245 / 216
[10.3326, 10.9784]; [0.4, 0.45]: 3272 / 213
[10.3326, 10.9784]; [0.45, 0.5]: 3342 / 223
[10.3326, 10.9784]; [0.5, 0.55]: 3347 / 224
[10.3326, 10.9784]; [0.55, 0.6]: 3552 / 233
[10.3326, 10.9784]; [0.6, 0.65]: 3088 / 185
[10.3326, 10.9784]; [0.65, 0.7]: 1316 / 72
[10.3326, 10.9784]; [0.7, 0.75]: 36 / 5
[10.3326, 10.9784]; [0.75, 0.8]: 0 / 0
[10.3326, 10.9784]; [0.8, 0.85]: 0 / 0
[10.3326, 10.9784]; [0.85, 0.9]: 0 / 0

[10.9784, 11.6242]; [-0.9, -0.85]: 0 / 0
[10.9784, 11.6242]; [-0.85, -0.8]: 0 / 0
[10.9784, 11.6242]; [-0.8, -0.75]: 0 / 0
[10.9784, 11.6242]; [-0.75, -0.7]: 149 / 15
[10.9784, 11.6242]; [-0.7, -0.65]: 1477 / 94
[10.9784, 11.6242]; [-0.65, -0.6]: 2420 / 163
[10.9784, 11.6242]; [-0.6, -0.55]: 2469 / 138
[10.9784, 11.6242]; [-0.55, -0.5]: 2439 / 142
[10.9784, 11.6242]; [-0.5, -0.45]: 2384 / 144
[10.9784, 11.6242]; [-0.45, -0.4]: 2353 / 128
[10.9784, 11.6242]; [-0.4, -0.35]: 2268 / 174
[10.9784, 11.6242]; [-0.35, -0.3]: 2196 / 136
[10.9784, 11.6242]; [-0.3, -0.25]: 2283 / 139
[10.9784, 11.6242]; [-0.25, -0.2]: 2170 / 159
[10.9784, 11.6242]; [-0.2, -0.15]: 2213 / 142
[10.9784, 11.6242]; [-0.15, -0.1]: 2116 / 129
[10.9784, 11.6242]; [-0.1, -0.05]: 2109 / 144
[10.9784, 11.6242]; [-0.05, 0]: 2166 / 129
[10.9784, 11.6242]; [0, 0.05]: 2177 / 140
[10.9784, 11.6242]; [0.05, 0.1]: 2098 / 124
[10.9784, 11.6242]; [0.1, 0.15]: 2096 / 142
[10.9784, 11.6242]; [0.15, 0.2]: 2243 / 151
[10.9784, 11.6242]; [0.2, 0.25]: 2156 / 155
[10.9784, 11.6242]; [0.25, 0.3]: 2224 / 145
[10.9784, 11.6242]; [0.3, 0.35]: 2229 / 136
[10.9784, 11.6242]; [0.35, 0.4]: 2316 / 141
[10.9784, 11.6242]; [0.4, 0.45]: 2346 / 136
[10.9784, 11.6242]; [0.45, 0.5]: 2387 / 118
[10.9784, 11.6242]; [0.5, 0.55]: 2414 / 142
[10.9784, 11.6242]; [0.55, 0.6]: 2388 / 141
[10.9784, 11.6242]; [0.6, 0.65]: 2438 / 134
[10.9784, 11.6242]; [0.65, 0.7]: 1445 / 75
[10.9784, 11.6242]; [0.7, 0.75]: 160 / 6
[10.9784, 11.6242]; [0.75, 0.8]: 0 / 0
[10.9784, 11.6242]; [0.8, 0.85]: 0 / 0
[10.9784, 11.6242]; [0.85, 0.9]: 0 / 0

[11.6242, 12.2699]; [-0.9, -0.85]: 0 / 0
[11.6242, 12.2699]; [-0.85, -0.8]: 0 / 0
[11.6242, 12.2699]; [-0.8, -0.75]: 0 / 0
[11.6242, 12.2699]; [-0.75, -0.7]: 322 / 22
[11.6242, 12.2699]; [-0.7, -0.65]: 1552 / 99
[11.6242, 12.2699]; [-0.65, -0.6]: 1894 / 102
[11.6242, 12.2699]; [-0.6, -0.55]: 1812 / 105
[11.6242, 12.2699]; [-0.55, -0.5]: 1819 / 77
[11.6242, 12.2699]; [-0.5, -0.45]: 1692 / 117
[11.6242, 12.2699]; [-0.45, -0.4]: 1626 / 119
[11.6242, 12.2699]; [-0.4, -0.35]: 1589 / 86
[11.6242, 12.2699]; [-0.35, -0.3]: 1642 / 98
[11.6242, 12.2699]; [-0.3, -0.25]: 1567 / 95
[11.6242, 12.2699]; [-0.25, -0.2]: 1585 / 104
[11.6242, 12.2699]; [-0.2, -0.15]: 1486 / 97
[11.6242, 12.2699]; [-0.15, -0.1]: 1577 / 78
[11.6242, 12.2699]; [-0.1, -0.05]: 1594 / 100
[11.6242, 12.2699]; [-0.05, 0]: 1521 / 98
[11.6242, 12.2699]; [0, 0.05]: 1544 / 102
[11.6242, 12.2699]; [0.05, 0.1]: 1559 / 102
[11.6242, 12.2699]; [0.1, 0.15]: 1480 / 97
[11.6242, 12.2699]; [0.15, 0.2]: 1482 / 86
[11.6242, 12.2699]; [0.2, 0.25]: 1584 / 96
[11.6242, 12.2699]; [0.25, 0.3]: 1575 / 98
[11.6242, 12.2699]; [0.3, 0.35]: 1660 / 90
[11.6242, 12.2699]; [0.35, 0.4]: 1626 / 103
[11.6242, 12.2699]; [0.4, 0.45]: 1656 / 118
[11.6242, 12.2699]; [0.45, 0.5]: 1700 / 93
[11.6242, 12.2699]; [0.5, 0.55]: 1687 / 106
[11.6242, 12.2699]; [0.55, 0.6]: 1803 / 105
[11.6242, 12.2699]; [0.6, 0.65]: 1906 / 103
[11.6242, 12.2699]; [0.65, 0.7]: 1550 / 96
[11.6242, 12.2699]; [0.7, 0.75]: 323 / 13
[11.6242, 12.2699]; [0.75, 0.8]: 0 / 0
[11.6242, 12.2699]; [0.8, 0.85]: 0 / 0
[11.6242, 12.2699]; [0.85, 0.9]: 0 / 0

[12.2699, 12.9157]; [-0.9, -0.85]: 0 / 0
[12.2699, 12.9157]; [-0.85, -0.8]: 0 / 0
[12.2699, 12.9157]; [-0.8, -0.75]: 4 / 0
[12.2699, 12.9157]; [-0.75, -0.7]: 498 / 34
[12.2699, 12.9157]; [-0.7, -0.65]: 1274 / 75
[12.2699, 12.9157]; [-0.65, -0.6]: 1345 / 77
[12.2699, 12.9157]; [-0.6, -0.55]: 1293 / 71
[12.2699, 12.9157]; [-0.55, -0.5]: 1247 / 72
[12.2699, 12.9157]; [-0.5, -0.45]: 1285 / 73
[12.2699, 12.9157]; [-0.45, -0.4]: 1173 / 65
[12.2699, 12.9157]; [-0.4, -0.35]: 1118 / 84
[12.2699, 12.9157]; [-0.35, -0.3]: 1165 / 75
[12.2699, 12.9157]; [-0.3, -0.25]: 1120 / 67
[12.2699, 12.9157]; [-0.25, -0.2]: 1195 / 65
[12.2699, 12.9157]; [-0.2, -0.15]: 1107 / 67
[12.2699, 12.9157]; [-0.15, -0.1]: 1124 / 64
[12.2699, 12.9157]; [-0.1, -0.05]: 1119 / 61
[12.2699, 12.9157]; [-0.05, 0]: 1086 / 70
[12.2699, 12.9157]; [0, 0.05]: 1125 / 66
[12.2699, 12.9157]; [0.05, 0.1]: 1169 / 59
[12.2699, 12.9157]; [0.1, 0.15]: 1133 / 70
[12.2699, 12.9157]; [0.15, 0.2]: 1175 / 69
[12.2699, 12.9157]; [0.2, 0.25]: 1137 / 63
[12.2699, 12.9157]; [0.25, 0.3]: 1163 / 75
[12.2699, 12.9157]; [0.3, 0.35]: 1184 / 84
[12.2699, 12.9157]; [0.35, 0.4]: 1195 / 58
[12.2699, 12.9157]; [0.4, 0.45]: 1264 / 64
[12.2699, 12.9157]; [0.45, 0.5]: 1260 / 78
[12.2699, 12.9157]; [0.5, 0.55]: 1337 / 82
[12.2699, 12.9157]; [0.55, 0.6]: 1327 / 76
[12.2699, 12.9157]; [0.6, 0.65]: 1417 / 77
[12.2699, 12.9157]; [0.65, 0.7]: 1276 / 81
[12.2699, 12.9157]; [0.7, 0.75]: 525 / 28
[12.2699, 12.9157]; [0.75, 0.8]: 4 / 0
[12.2699, 12.9157]; [0.8, 0.85]: 0 / 0
[12.2699, 12.9157]; [0.85, 0.9]: 0 / 0

[12.9157, 13.5615]; [-0.9, -0.85]: 0 / 0
[12.9157, 13.5615]; [-0.85, -0.8]: 0 / 0
[12.9157, 13.5615]; [-0.8, -0.75]: 16 / 1
[12.9157, 13.5615]; [-0.75, -0.7]: 595 / 31
[12.9157, 13.5615]; [-0.7, -0.65]: 1021 / 62
[12.9157, 13.5615]; [-0.65, -0.6]: 986 / 65
[12.9157, 13.5615]; [-0.6, -0.55]: 984 / 47
[12.9157, 13.5615]; [-0.55, -0.5]: 915 / 59
[12.9157, 13.5615]; [-0.5, -0.45]: 933 / 72
[12.9157, 13.5615]; [-0.45, -0.4]: 870 / 58
[12.9157, 13.5615]; [-0.4, -0.35]: 896 / 71
[12.9157, 13.5615]; [-0.35, -0.3]: 833 / 46
[12.9157, 13.5615]; [-0.3, -0.25]: 840 / 59
[12.9157, 13.5615]; [-0.25, -0.2]: 826 / 48
[12.9157, 13.5615]; [-0.2, -0.15]: 813 / 52
[12.9157, 13.5615]; [-0.15, -0.1]: 836 / 41
[12.9157, 13.5615]; [-0.1, -0.05]: 815 / 45
[12.9157, 13.5615]; [-0.05, 0]: 832 / 51
[12.9157, 13.5615]; [0, 0.05]: 837 / 39
[12.9157, 13.5615]; [0.05, 0.1]: 785 / 44
[12.9157, 13.5615]; [0.1, 0.15]: 833 / 47
[12.9157, 13.5615]; [0.15, 0.2]: 861 / 53
[12.9157, 13.5615]; [0.2, 0.25]: 827 / 47
[12.9157, 13.5615]; [0.25, 0.3]: 868 / 45
[12.9157, 13.5615]; [0.3, 0.35]: 913 / 55
[12.9157, 13.5615]; [0.35, 0.4]: 884 / 59
[12.9157, 13.5615]; [0.4, 0.45]: 932 / 44
[12.9157, 13.5615]; [0.45, 0.5]: 939 / 54
[12.9157, 13.5615]; [0.5, 0.55]: 935 / 55
[12.9157, 13.5615]; [0.55, 0.6]: 936 / 62
[12.9157, 13.5615]; [0.6, 0.65]: 1049 / 62
[12.9157, 13.5615]; [0.65, 0.7]: 975 / 54
[12.9157, 13.5615]; [0.7, 0.75]: 579 / 28
[12.9157, 13.5615]; [0.75, 0.8]: 21 / 0
[12.9157, 13.5615]; [0.8, 0.85]: 0 / 0
[12.9157, 13.5615]; [0.85, 0.9]: 0 / 0

[13.5615, 14.2073]; [-0.9, -0.85]: 0 / 0
[13.5615, 14.2073]; [-0.85, -0.8]: 0 / 0
[13.5615, 14.2073]; [-0.8, -0.75]: 50 / 4
[13.5615, 14.2073]; [-0.75, -0.7]: 565 / 33
[13.5615, 14.2073]; [-0.7, -0.65]: 787 / 43
[13.5615, 14.2073]; [-0.65, -0.6]: 740 / 40
[13.5615, 14.2073]; [-0.6, -0.55]: 697 / 52
[13.5615, 14.2073]; [-0.55, -0.5]: 742 / 41
[13.5615, 14.2073]; [-0.5, -0.45]: 676 / 45
[13.5615, 14.2073]; [-0.45, -0.4]: 662 / 45
[13.5615, 14.2073]; [-0.4, -0.35]: 674 / 34
[13.5615, 14.2073]; [-0.35, -0.3]: 606 / 35
[13.5615, 14.2073]; [-0.3, -0.25]: 664 / 29
[13.5615, 14.2073]; [-0.25, -0.2]: 634 / 31
[13.5615, 14.2073]; [-0.2, -0.15]: 548 / 36
[13.5615, 14.2073]; [-0.15, -0.1]: 608 / 41
[13.5615, 14.2073]; [-0.1, -0.05]: 620 / 48
[13.5615, 14.2073]; [-0.05, 0]: 591 / 50
[13.5615, 14.2073]; [0, 0.05]: 573 / 39
[13.5615, 14.2073]; [0.05, 0.1]: 638 / 28
[13.5615, 14.2073]; [0.1, 0.15]: 628 / 38
[13.5615, 14.2073]; [0.15, 0.2]: 643 / 21
[13.5615, 14.2073]; [0.2, 0.25]: 652 / 44
[13.5615, 14.2073]; [0.25, 0.3]: 620 / 35
[13.5615, 14.2073]; [0.3, 0.35]: 626 / 40
[13.5615, 14.2073]; [0.35, 0.4]: 667 / 41
[13.5615, 14.2073]; [0.4, 0.45]: 681 / 28
[13.5615, 14.2073]; [0.45, 0.5]: 669 / 43
[13.5615, 14.2073]; [0.5, 0.55]: 744 / 31
[13.5615, 14.2073]; [0.55, 0.6]: 756 / 39
[13.5615, 14.2073]; [0.6, 0.65]: 780 / 58
[13.5615, 14.2073]; [0.65, 0.7]: 758 / 64
[13.5615, 14.2073]; [0.7, 0.75]: 613 / 33
[13.5615, 14.2073]; [0.75, 0.8]: 71 / 2
[13.5615, 14.2073]; [0.8, 0.85]: 0 / 0
[13.5615, 14.2073]; [0.85, 0.9]: 0 / 0

[14.2073, 14.8531]; [-0.9, -0.85]: 0 / 0
[14.2073, 14.8531]; [-0.85, -0.8]: 0 / 0
[14.2073, 14.8531]; [-0.8, -0.75]: 95 / 6
[14.2073, 14.8531]; [-0.75, -0.7]: 557 / 31
[14.2073, 14.8531]; [-0.7, -0.65]: 601 / 33
[14.2073, 14.8531]; [-0.65, -0.6]: 615 / 31
[14.2073, 14.8531]; [-0.6, -0.55]: 568 / 37
[14.2073, 14.8531]; [-0.55, -0.5]: 528 / 30
[14.2073, 14.8531]; [-0.5, -0.45]: 499 / 37
[14.2073, 14.8531]; [-0.45, -0.4]: 501 / 29
[14.2073, 14.8531]; [-0.4, -0.35]: 528 / 31
[14.2073, 14.8531]; [-0.35, -0.3]: 471 / 30
[14.2073, 14.8531]; [-0.3, -0.25]: 507 / 15
[14.2073, 14.8531]; [-0.25, -0.2]: 450 / 25
[14.2073, 14.8531]; [-0.2, -0.15]: 462 / 26
[14.2073, 14.8531]; [-0.15, -0.1]: 465 / 26
[14.2073, 14.8531]; [-0.1, -0.05]: 465 / 32
[14.2073, 14.8531]; [-0.05, 0]: 472 / 29
[14.2073, 14.8531]; [0, 0.05]: 457 / 20
[14.2073, 14.8531]; [0.05, 0.1]: 453 / 22
[14.2073, 14.8531]; [0.1, 0.15]: 491 / 25
[14.2073, 14.8531]; [0.15, 0.2]: 466 / 18
[14.2073, 14.8531]; [0.2, 0.25]: 507 / 20
[14.2073, 14.8531]; [0.25, 0.3]: 472 / 38
[14.2073, 14.8531]; [0.3, 0.35]: 492 / 33
[14.2073, 14.8531]; [0.35, 0.4]: 484 / 32
[14.2073, 14.8531]; [0.4, 0.45]: 540 / 35
[14.2073, 14.8531]; [0.45, 0.5]: 566 / 32
[14.2073, 14.8531]; [0.5, 0.55]: 546 / 49
[14.2073, 14.8531]; [0.55, 0.6]: 555 / 34
[14.2073, 14.8531]; [0.6, 0.65]: 562 / 30
[14.2073, 14.8531]; [0.65, 0.7]: 589 / 33
[14.2073, 14.8531]; [0.7, 0.75]: 505 / 31
[14.2073, 14.8531]; [0.75, 0.8]: 90 / 8
[14.2073, 14.8531]; [0.8, 0.85]: 0 / 0
[14.2073, 14.8531]; [0.85, 0.9]: 0 / 0

[14.8531, 15.4989]; [-0.9, -0.85]: 0 / 0
[14.8531, 15.4989]; [-0.85, -0.8]: 0 / 0
[14.8531, 15.4989]; [-0.8, -0.75]: 161 / 5
[14.8531, 15.4989]; [-0.75, -0.7]: 459 / 27
[14.8531, 15.4989]; [-0.7, -0.65]: 452 / 36
[14.8531, 15.4989]; [-0.65, -0.6]: 436 / 17
[14.8531, 15.4989]; [-0.6, -0.55]: 410 / 19
[14.8531, 15.4989]; [-0.55, -0.5]: 415 / 23
[14.8531, 15.4989]; [-0.5, -0.45]: 439 / 25
[14.8531, 15.4989]; [-0.45, -0.4]: 397 / 24
[14.8531, 15.4989]; [-0.4, -0.35]: 387 / 17
[14.8531, 15.4989]; [-0.35, -0.3]: 375 / 26
[14.8531, 15.4989]; [-0.3, -0.25]: 372 / 12
[14.8531, 15.4989]; [-0.25, -0.2]: 386 / 22
[14.8531, 15.4989]; [-0.2, -0.15]: 359 / 24
[14.8531, 15.4989]; [-0.15, -0.1]: 374 / 19
[14.8531, 15.4989]; [-0.1, -0.05]: 365 / 21
[14.8531, 15.4989]; [-0.05, 0]: 350 / 24
[14.8531, 15.4989]; [0, 0.05]: 339 / 26
[14.8531, 15.4989]; [0.05, 0.1]: 370 / 25
[14.8531, 15.4989]; [0.1, 0.15]: 351 / 17
[14.8531, 15.4989]; [0.15, 0.2]: 360 / 19
[14.8531, 15.4989]; [0.2, 0.25]: 360 / 19
[14.8531, 15.4989]; [0.25, 0.3]: 404 / 18
[14.8531, 15.4989]; [0.3, 0.35]: 381 / 14
[14.8531, 15.4989]; [0.35, 0.4]: 372 / 18
[14.8531, 15.4989]; [0.4, 0.45]: 348 / 23
[14.8531, 15.4989]; [0.45, 0.5]: 387 / 15
[14.8531, 15.4989]; [0.5, 0.55]: 402 / 22
[14.8531, 15.4989]; [0.55, 0.6]: 396 / 23
[14.8531, 15.4989]; [0.6, 0.65]: 426 / 18
[14.8531, 15.4989]; [0.65, 0.7]: 478 / 33
[14.8531, 15.4989]; [0.7, 0.75]: 485 / 21
[14.8531, 15.4989]; [0.75, 0.8]: 138 / 8
[14.8531, 15.4989]; [0.8, 0.85]: 0 / 0
[14.8531, 15.4989]; [0.85, 0.9]: 0 / 0

[15.4989, 16.1447]; [-0.9, -0.85]: 0 / 0
[15.4989, 16.1447]; [-0.85, -0.8]: 0 / 0
[15.4989, 16.1447]; [-0.8, -0.75]: 206 / 8
[15.4989, 16.1447]; [-0.75, -0.7]: 394 / 23
[15.4989, 16.1447]; [-0.7, -0.65]: 383 / 30
[15.4989, 16.1447]; [-0.65, -0.6]: 330 / 17
[15.4989, 16.1447]; [-0.6, -0.55]: 310 / 16
[15.4989, 16.1447]; [-0.55, -0.5]: 300 / 24
[15.4989, 16.1447]; [-0.5, -0.45]: 319 / 15
[15.4989, 16.1447]; [-0.45, -0.4]: 320 / 16
[15.4989, 16.1447]; [-0.4, -0.35]: 309 / 14
[15.4989, 16.1447]; [-0.35, -0.3]: 301 / 13
[15.4989, 16.1447]; [-0.3, -0.25]: 325 / 12
[15.4989, 16.1447]; [-0.25, -0.2]: 298 / 12
[15.4989, 16.1447]; [-0.2, -0.15]: 291 / 14
[15.4989, 16.1447]; [-0.15, -0.1]: 280 / 16
[15.4989, 16.1447]; [-0.1, -0.05]: 249 / 20
[15.4989, 16.1447]; [-0.05, 0]: 257 / 18
[15.4989, 16.1447]; [0, 0.05]: 279 / 19
[15.4989, 16.1447]; [0.05, 0.1]: 282 / 18
[15.4989, 16.1447]; [0.1, 0.15]: 287 / 11
[15.4989, 16.1447]; [0.15, 0.2]: 301 / 17
[15.4989, 16.1447]; [0.2, 0.25]: 281 / 10
[15.4989, 16.1447]; [0.25, 0.3]: 275 / 12
[15.4989, 16.1447]; [0.3, 0.35]: 284 / 20
[15.4989, 16.1447]; [0.35, 0.4]: 284 / 18
[15.4989, 16.1447]; [0.4, 0.45]: 271 / 21
[15.4989, 16.1447]; [0.45, 0.5]: 315 / 16
[15.4989, 16.1447]; [0.5, 0.55]: 316 / 16
[15.4989, 16.1447]; [0.55, 0.6]: 340 / 22
[15.4989, 16.1447]; [0.6, 0.65]: 348 / 21
[15.4989, 16.1447]; [0.65, 0.7]: 353 / 18
[15.4989, 16.1447]; [0.7, 0.75]: 376 / 25
[15.4989, 16.1447]; [0.75, 0.8]: 207 / 7
[15.4989, 16.1447]; [0.8, 0.85]: 0 / 0
[15.4989, 16.1447]; [0.85, 0.9]: 0 / 0

[16.1447, 16.9519]; [-0.9, -0.85]: 0 / 0
[16.1447, 16.9519]; [-0.85, -0.8]: 8 / 0
[16.1447, 16.9519]; [-0.8, -0.75]: 255 / 9
[16.1447, 16.9519]; [-0.75, -0.7]: 364 / 32
[16.1447, 16.9519]; [-0.7, -0.65]: 384 / 13
[16.1447, 16.9519]; [-0.65, -0.6]: 354 / 17
[16.1447, 16.9519]; [-0.6, -0.55]: 312 / 28
[16.1447, 16.9519]; [-0.55, -0.5]: 301 / 15
[16.1447, 16.9519]; [-0.5, -0.45]: 286 / 13
[16.1447, 16.9519]; [-0.45, -0.4]: 308 / 13
[16.1447, 16.9519]; [-0.4, -0.35]: 289 / 12
[16.1447, 16.9519]; [-0.35, -0.3]: 273 / 16
[16.1447, 16.9519]; [-0.3, -0.25]: 245 / 18
[16.1447, 16.9519]; [-0.25, -0.2]: 240 / 16
[16.1447, 16.9519]; [-0.2, -0.15]: 287 / 15
[16.1447, 16.9519]; [-0.15, -0.1]: 257 / 13
[16.1447, 16.9519]; [-0.1, -0.05]: 265 / 20
[16.1447, 16.9519]; [-0.05, 0]: 258 / 14
[16.1447, 16.9519]; [0, 0.05]: 274 / 21
[16.1447, 16.9519]; [0.05, 0.1]: 261 / 28
[16.1447, 16.9519]; [0.1, 0.15]: 244 / 20
[16.1447, 16.9519]; [0.15, 0.2]: 247 / 14
[16.1447, 16.9519]; [0.2, 0.25]: 278 / 13
[16.1447, 16.9519]; [0.25, 0.3]: 275 / 21
[16.1447, 16.9519]; [0.3, 0.35]: 297 / 15
[16.1447, 16.9519]; [0.35, 0.4]: 301 / 16
[16.1447, 16.9519]; [0.4, 0.45]: 274 / 22
[16.1447, 16.9519]; [0.45, 0.5]: 302 / 11
[16.1447, 16.9519]; [0.5, 0.55]: 291 / 16
[16.1447, 16.9519]; [0.55, 0.6]: 347 / 20
[16.1447, 16.9519]; [0.6, 0.65]: 331 / 17
[16.1447, 16.9519]; [0.65, 0.7]: 350 / 23
[16.1447, 16.9519]; [0.7, 0.75]: 379 / 17
[16.1447, 16.9519]; [0.75, 0.8]: 244 / 11
[16.1447, 16.9519]; [0.8, 0.85]: 4 / 0
[16.1447, 16.9519]; [0.85, 0.9]: 0 / 0

[16.9519, 17.7591]; [-0.9, -0.85]: 0 / 0
[16.9519, 17.7591]; [-0.85, -0.8]: 19 / 0
[16.9519, 17.7591]; [-0.8, -0.75]: 224 / 12
[16.9519, 17.7591]; [-0.75, -0.7]: 267 / 13
[16.9519, 17.7591]; [-0.7, -0.65]: 284 / 11
[16.9519, 17.7591]; [-0.65, -0.6]: 224 / 11
[16.9519, 17.7591]; [-0.6, -0.55]: 238 / 7
[16.9519, 17.7591]; [-0.55, -0.5]: 225 / 14
[16.9519, 17.7591]; [-0.5, -0.45]: 193 / 11
[16.9519, 17.7591]; [-0.45, -0.4]: 208 / 16
[16.9519, 17.7591]; [-0.4, -0.35]: 205 / 11
[16.9519, 17.7591]; [-0.35, -0.3]: 212 / 13
[16.9519, 17.7591]; [-0.3, -0.25]: 183 / 10
[16.9519, 17.7591]; [-0.25, -0.2]: 192 / 9
[16.9519, 17.7591]; [-0.2, -0.15]: 182 / 7
[16.9519, 17.7591]; [-0.15, -0.1]: 173 / 12
[16.9519, 17.7591]; [-0.1, -0.05]: 195 / 6
[16.9519, 17.7591]; [-0.05, 0]: 161 / 12
[16.9519, 17.7591]; [0, 0.05]: 215 / 9
[16.9519, 17.7591]; [0.05, 0.1]: 172 / 10
[16.9519, 17.7591]; [0.1, 0.15]: 219 / 9
[16.9519, 17.7591]; [0.15, 0.2]: 205 / 9
[16.9519, 17.7591]; [0.2, 0.25]: 172 / 9
[16.9519, 17.7591]; [0.25, 0.3]: 223 / 14
[16.9519, 17.7591]; [0.3, 0.35]: 213 / 13
[16.9519, 17.7591]; [0.35, 0.4]: 186 / 7
[16.9519, 17.7591]; [0.4, 0.45]: 205 / 8
[16.9519, 17.7591]; [0.45, 0.5]: 237 / 8
[16.9519, 17.7591]; [0.5, 0.55]: 240 / 11
[16.9519, 17.7591]; [0.55, 0.6]: 232 / 8
[16.9519, 17.7591]; [0.6, 0.65]: 259 / 15
[16.9519, 17.7591]; [0.65, 0.7]: 246 / 11
[16.9519, 17.7591]; [0.7, 0.75]: 291 / 12
[16.9519, 17.7591]; [0.75, 0.8]: 239 / 13
[16.9519, 17.7591]; [0.8, 0.85]: 21 / 1
[16.9519, 17.7591]; [0.85, 0.9]: 0 / 0

[17.7591, 18.5664]; [-0.9, -0.85]: 0 / 0
[17.7591, 18.5664]; [-0.85, -0.8]: 27 / 3
[17.7591, 18.5664]; [-0.8, -0.75]: 201 / 6
[17.7591, 18.5664]; [-0.75, -0.7]: 215 / 10
[17.7591, 18.5664]; [-0.7, -0.65]: 221 / 12
[17.7591, 18.5664]; [-0.65, -0.6]: 206 / 10
[17.7591, 18.5664]; [-0.6, -0.55]: 170 / 7
[17.7591, 18.5664]; [-0.55, -0.5]: 159 / 8
[17.7591, 18.5664]; [-0.5, -0.45]: 173 / 5
[17.7591, 18.5664]; [-0.45, -0.4]: 173 / 11
[17.7591, 18.5664]; [-0.4, -0.35]: 157 / 7
[17.7591, 18.5664]; [-0.35, -0.3]: 146 / 7
[17.7591, 18.5664]; [-0.3, -0.25]: 138 / 9
[17.7591, 18.5664]; [-0.25, -0.2]: 163 / 6
[17.7591, 18.5664]; [-0.2, -0.15]: 119 / 13
[17.7591, 18.5664]; [-0.15, -0.1]: 140 / 9
[17.7591, 18.5664]; [-0.1, -0.05]: 155 / 11
[17.7591, 18.5664]; [-0.05, 0]: 135 / 7
[17.7591, 18.5664]; [0, 0.05]: 139 / 9
[17.7591, 18.5664]; [0.05, 0.1]: 134 / 9
[17.7591, 18.5664]; [0.1, 0.15]: 154 / 4
[17.7591, 18.5664]; [0.15, 0.2]: 136 / 7
[17.7591, 18.5664]; [0.2, 0.25]: 145 / 5
[17.7591, 18.5664]; [0.25, 0.3]: 142 / 8
[17.7591, 18.5664]; [0.3, 0.35]: 124 / 4
[17.7591, 18.5664]; [0.35, 0.4]: 169 / 2
[17.7591, 18.5664]; [0.4, 0.45]: 159 / 16
[17.7591, 18.5664]; [0.45, 0.5]: 190 / 6
[17.7591, 18.5664]; [0.5, 0.55]: 192 / 12
[17.7591, 18.5664]; [0.55, 0.6]: 192 / 7
[17.7591, 18.5664]; [0.6, 0.65]: 177 / 7
[17.7591, 18.5664]; [0.65, 0.7]: 205 / 10
[17.7591, 18.5664]; [0.7, 0.75]: 208 / 9
[17.7591, 18.5664]; [0.75, 0.8]: 182 / 12
[17.7591, 18.5664]; [0.8, 0.85]: 28 / 1
[17.7591, 18.5664]; [0.85, 0.9]: 0 / 0

[18.5664, 19.3736]; [-0.9, -0.85]: 0 / 0
[18.5664, 19.3736]; [-0.85, -0.8]: 42 / 1
[18.5664, 19.3736]; [-0.8, -0.75]: 166 / 8
[18.5664, 19.3736]; [-0.75, -0.7]: 144 / 8
[18.5664, 19.3736]; [-0.7, -0.65]: 156 / 2
[18.5664, 19.3736]; [-0.65, -0.6]: 156 / 4
[18.5664, 19.3736]; [-0.6, -0.55]: 155 / 7
[18.5664, 19.3736]; [-0.55, -0.5]: 128 / 4
[18.5664, 19.3736]; [-0.5, -0.45]: 126 / 5
[18.5664, 19.3736]; [-0.45, -0.4]: 121 / 5
[18.5664, 19.3736]; [-0.4, -0.35]: 120 / 7
[18.5664, 19.3736]; [-0.35, -0.3]: 133 / 10
[18.5664, 19.3736]; [-0.3, -0.25]: 82 / 3
[18.5664, 19.3736]; [-0.25, -0.2]: 95 / 6
[18.5664, 19.3736]; [-0.2, -0.15]: 117 / 4
[18.5664, 19.3736]; [-0.15, -0.1]: 102 / 5
[18.5664, 19.3736]; [-0.1, -0.05]: 108 / 6
[18.5664, 19.3736]; [-0.05, 0]: 115 / 4
[18.5664, 19.3736]; [0, 0.05]: 77 / 7
[18.5664, 19.3736]; [0.05, 0.1]: 100 / 10
[18.5664, 19.3736]; [0.1, 0.15]: 106 / 5
[18.5664, 19.3736]; [0.15, 0.2]: 111 / 4
[18.5664, 19.3736]; [0.2, 0.25]: 105 / 6
[18.5664, 19.3736]; [0.25, 0.3]: 102 / 10
[18.5664, 19.3736]; [0.3, 0.35]: 108 / 4
[18.5664, 19.3736]; [0.35, 0.4]: 132 / 9
[18.5664, 19.3736]; [0.4, 0.45]: 127 / 5
[18.5664, 19.3736]; [0.45, 0.5]: 124 / 6
[18.5664, 19.3736]; [0.5, 0.55]: 125 / 4
[18.5664, 19.3736]; [0.55, 0.6]: 146 / 6
[18.5664, 19.3736]; [0.6, 0.65]: 155 / 9
[18.5664, 19.3736]; [0.65, 0.7]: 157 / 11
[18.5664, 19.3736]; [0.7, 0.75]: 151 / 5
[18.5664, 19.3736]; [0.75, 0.8]: 171 / 8
[18.5664, 19.3736]; [0.8, 0.85]: 33 / 3
[18.5664, 19.3736]; [0.85, 0.9]: 0 / 0

[19.3736, 20.9881]; [-0.9, -0.85]: 0 / 0
[19.3736, 20.9881]; [-0.85, -0.8]: 92 / 6
[19.3736, 20.9881]; [-0.8, -0.75]: 259 / 7
[19.3736, 20.9881]; [-0.75, -0.7]: 227 / 10
[19.3736, 20.9881]; [-0.7, -0.65]: 202 / 7
[19.3736, 20.9881]; [-0.65, -0.6]: 187 / 11
[19.3736, 20.9881]; [-0.6, -0.55]: 180 / 6
[19.3736, 20.9881]; [-0.55, -0.5]: 200 / 12
[19.3736, 20.9881]; [-0.5, -0.45]: 162 / 10
[19.3736, 20.9881]; [-0.45, -0.4]: 190 / 8
[19.3736, 20.9881]; [-0.4, -0.35]: 155 / 11
[19.3736, 20.9881]; [-0.35, -0.3]: 146 / 11
[19.3736, 20.9881]; [-0.3, -0.25]: 150 / 9
[19.3736, 20.9881]; [-0.25, -0.2]: 118 / 5
[19.3736, 20.9881]; [-0.2, -0.15]: 151 / 5
[19.3736, 20.9881]; [-0.15, -0.1]: 139 / 5
[19.3736, 20.9881]; [-0.1, -0.05]: 130 / 9
[19.3736, 20.9881]; [-0.05, 0]: 128 / 11
[19.3736, 20.9881]; [0, 0.05]: 127 / 7
[19.3736, 20.9881]; [0.05, 0.1]: 128 / 3
[19.3736, 20.9881]; [0.1, 0.15]: 144 / 6
[19.3736, 20.9881]; [0.15, 0.2]: 126 / 6
[19.3736, 20.9881]; [0.2, 0.25]: 136 / 8
[19.3736, 20.9881]; [0.25, 0.3]: 133 / 9
[19.3736, 20.9881]; [0.3, 0.35]: 172 / 4
[19.3736, 20.9881]; [0.35, 0.4]: 148 / 7
[19.3736, 20.9881]; [0.4, 0.45]: 164 / 7
[19.3736, 20.9881]; [0.45, 0.5]: 189 / 10
[19.3736, 20.9881]; [0.5, 0.55]: 153 / 10
[19.3736, 20.9881]; [0.55, 0.6]: 186 / 6
[19.3736, 20.9881]; [0.6, 0.65]: 183 / 12
[19.3736, 20.9881]; [0.65, 0.7]: 194 / 6
[19.3736, 20.9881]; [0.7, 0.75]: 221 / 14
[19.3736, 20.9881]; [0.75, 0.8]: 261 / 12
[19.3736, 20.9881]; [0.8, 0.85]: 99 / 7
[19.3736, 20.9881]; [0.85, 0.9]: 0 / 0

[20.9881, 22.6025]; [-0.9, -0.85]: 1 / 0
[20.9881, 22.6025]; [-0.85, -0.8]: 104 / 1
[20.9881, 22.6025]; [-0.8, -0.75]: 143 / 9
[20.9881, 22.6025]; [-0.75, -0.7]: 139 / 4
[20.9881, 22.6025]; [-0.7, -0.65]: 127 / 7
[20.9881, 22.6025]; [-0.65, -0.6]: 109 / 6
[20.9881, 22.6025]; [-0.6, -0.55]: 105 / 3
[20.9881, 22.6025]; [-0.55, -0.5]: 112 / 8
[20.9881, 22.6025]; [-0.5, -0.45]: 100 / 4
[20.9881, 22.6025]; [-0.45, -0.4]: 90 / 3
[20.9881, 22.6025]; [-0.4, -0.35]: 74 / 12
[20.9881, 22.6025]; [-0.35, -0.3]: 88 / 4
[20.9881, 22.6025]; [-0.3, -0.25]: 89 / 4
[20.9881, 22.6025]; [-0.25, -0.2]: 80 / 3
[20.9881, 22.6025]; [-0.2, -0.15]: 86 / 5
[20.9881, 22.6025]; [-0.15, -0.1]: 93 / 3
[20.9881, 22.6025]; [-0.1, -0.05]: 73 / 2
[20.9881, 22.6025]; [-0.05, 0]: 76 / 1
[20.9881, 22.6025]; [0, 0.05]: 72 / 4
[20.9881, 22.6025]; [0.05, 0.1]: 70 / 4
[20.9881, 22.6025]; [0.1, 0.15]: 83 / 7
[20.9881, 22.6025]; [0.15, 0.2]: 68 / 4
[20.9881, 22.6025]; [0.2, 0.25]: 91 / 1
[20.9881, 22.6025]; [0.25, 0.3]: 82 / 5
[20.9881, 22.6025]; [0.3, 0.35]: 67 / 2
[20.9881, 22.6025]; [0.35, 0.4]: 92 / 5
[20.9881, 22.6025]; [0.4, 0.45]: 106 / 4
[20.9881, 22.6025]; [0.45, 0.5]: 103 / 7
[20.9881, 22.6025]; [0.5, 0.55]: 118 / 5
[20.9881, 22.6025]; [0.55, 0.6]: 125 / 6
[20.9881, 22.6025]; [0.6, 0.65]: 122 / 3
[20.9881, 22.6025]; [0.65, 0.7]: 146 / 6
[20.9881, 22.6025]; [0.7, 0.75]: 129 / 6
[20.9881, 22.6025]; [0.75, 0.8]: 143 / 6
[20.9881, 22.6025]; [0.8, 0.85]: 97 / 5
[20.9881, 22.6025]; [0.85, 0.9]: 2 / 0

