[pTmin, pTmax]; [cosmin, cosmax]: PR entries / NP entries

[25, 26]; [-1, -0.95]: 0 / 0
[25, 26]; [-0.95, -0.9]: 0 / 0
[25, 26]; [-0.9, -0.85]: 0 / 0
[25, 26]; [-0.85, -0.8]: 0 / 0
[25, 26]; [-0.8, -0.75]: 0 / 0
[25, 26]; [-0.75, -0.7]: 0 / 0
[25, 26]; [-0.7, -0.65]: 0 / 0
[25, 26]; [-0.65, -0.6]: 3240 / 3937
[25, 26]; [-0.6, -0.55]: 20999 / 25269
[25, 26]; [-0.55, -0.5]: 41392 / 49732
[25, 26]; [-0.5, -0.45]: 50012 / 61013
[25, 26]; [-0.45, -0.4]: 50733 / 62446
[25, 26]; [-0.4, -0.35]: 50396 / 63395
[25, 26]; [-0.35, -0.3]: 50301 / 62853
[25, 26]; [-0.3, -0.25]: 49307 / 62706
[25, 26]; [-0.25, -0.2]: 49725 / 63373
[25, 26]; [-0.2, -0.15]: 49211 / 63459
[25, 26]; [-0.15, -0.1]: 49490 / 64093
[25, 26]; [-0.1, -0.05]: 49403 / 63837
[25, 26]; [-0.05, 0]: 49526 / 64275
[25, 26]; [0, 0.05]: 49307 / 64422
[25, 26]; [0.05, 0.1]: 49700 / 64115
[25, 26]; [0.1, 0.15]: 49434 / 64284
[25, 26]; [0.15, 0.2]: 50188 / 63990
[25, 26]; [0.2, 0.25]: 49671 / 63555
[25, 26]; [0.25, 0.3]: 49925 / 63444
[25, 26]; [0.3, 0.35]: 50268 / 63143
[25, 26]; [0.35, 0.4]: 50646 / 62950
[25, 26]; [0.4, 0.45]: 51108 / 63051
[25, 26]; [0.45, 0.5]: 50535 / 61845
[25, 26]; [0.5, 0.55]: 41375 / 49997
[25, 26]; [0.55, 0.6]: 21236 / 25628
[25, 26]; [0.6, 0.65]: 3356 / 3947
[25, 26]; [0.65, 0.7]: 0 / 0
[25, 26]; [0.7, 0.75]: 0 / 0
[25, 26]; [0.75, 0.8]: 0 / 0
[25, 26]; [0.8, 0.85]: 0 / 0
[25, 26]; [0.85, 0.9]: 0 / 0
[25, 26]; [0.9, 0.95]: 0 / 0
[25, 26]; [0.95, 1]: 0 / 0

[26, 27]; [-1, -0.95]: 0 / 0
[26, 27]; [-0.95, -0.9]: 0 / 0
[26, 27]; [-0.9, -0.85]: 0 / 0
[26, 27]; [-0.85, -0.8]: 0 / 0
[26, 27]; [-0.8, -0.75]: 0 / 0
[26, 27]; [-0.75, -0.7]: 0 / 0
[26, 27]; [-0.7, -0.65]: 4 / 15
[26, 27]; [-0.65, -0.6]: 5608 / 6933
[26, 27]; [-0.6, -0.55]: 24134 / 29867
[26, 27]; [-0.55, -0.5]: 38259 / 47288
[26, 27]; [-0.5, -0.45]: 42830 / 53286
[26, 27]; [-0.45, -0.4]: 42054 / 53615
[26, 27]; [-0.4, -0.35]: 41700 / 54230
[26, 27]; [-0.35, -0.3]: 41395 / 53811
[26, 27]; [-0.3, -0.25]: 41208 / 53777
[26, 27]; [-0.25, -0.2]: 41275 / 54073
[26, 27]; [-0.2, -0.15]: 40483 / 54799
[26, 27]; [-0.15, -0.1]: 40865 / 54278
[26, 27]; [-0.1, -0.05]: 40626 / 54180
[26, 27]; [-0.05, 0]: 40505 / 54269
[26, 27]; [0, 0.05]: 40884 / 54354
[26, 27]; [0.05, 0.1]: 41210 / 54484
[26, 27]; [0.1, 0.15]: 40874 / 54363
[26, 27]; [0.15, 0.2]: 41357 / 54473
[26, 27]; [0.2, 0.25]: 40691 / 54288
[26, 27]; [0.25, 0.3]: 41443 / 54134
[26, 27]; [0.3, 0.35]: 41294 / 54083
[26, 27]; [0.35, 0.4]: 41588 / 53350
[26, 27]; [0.4, 0.45]: 42034 / 53273
[26, 27]; [0.45, 0.5]: 42491 / 53206
[26, 27]; [0.5, 0.55]: 38535 / 47087
[26, 27]; [0.55, 0.6]: 24195 / 30167
[26, 27]; [0.6, 0.65]: 5587 / 7045
[26, 27]; [0.65, 0.7]: 9 / 14
[26, 27]; [0.7, 0.75]: 0 / 0
[26, 27]; [0.75, 0.8]: 0 / 0
[26, 27]; [0.8, 0.85]: 0 / 0
[26, 27]; [0.85, 0.9]: 0 / 0
[26, 27]; [0.9, 0.95]: 0 / 0
[26, 27]; [0.95, 1]: 0 / 0

[27, 28]; [-1, -0.95]: 0 / 0
[27, 28]; [-0.95, -0.9]: 0 / 0
[27, 28]; [-0.9, -0.85]: 0 / 0
[27, 28]; [-0.85, -0.8]: 0 / 0
[27, 28]; [-0.8, -0.75]: 0 / 0
[27, 28]; [-0.75, -0.7]: 0 / 0
[27, 28]; [-0.7, -0.65]: 191 / 280
[27, 28]; [-0.65, -0.6]: 7932 / 10015
[27, 28]; [-0.6, -0.55]: 24689 / 31277
[27, 28]; [-0.55, -0.5]: 33561 / 42724
[27, 28]; [-0.5, -0.45]: 34730 / 44988
[27, 28]; [-0.45, -0.4]: 34349 / 45432
[27, 28]; [-0.4, -0.35]: 34304 / 45216
[27, 28]; [-0.35, -0.3]: 33814 / 45665
[27, 28]; [-0.3, -0.25]: 33688 / 45693
[27, 28]; [-0.25, -0.2]: 33639 / 45866
[27, 28]; [-0.2, -0.15]: 33432 / 46334
[27, 28]; [-0.15, -0.1]: 33553 / 45949
[27, 28]; [-0.1, -0.05]: 33343 / 46327
[27, 28]; [-0.05, 0]: 33580 / 45895
[27, 28]; [0, 0.05]: 33518 / 46065
[27, 28]; [0.05, 0.1]: 33568 / 46374
[27, 28]; [0.1, 0.15]: 33370 / 46058
[27, 28]; [0.15, 0.2]: 33423 / 45987
[27, 28]; [0.2, 0.25]: 33770 / 45641
[27, 28]; [0.25, 0.3]: 33595 / 45448
[27, 28]; [0.3, 0.35]: 33996 / 45102
[27, 28]; [0.35, 0.4]: 34298 / 45263
[27, 28]; [0.4, 0.45]: 34605 / 45177
[27, 28]; [0.45, 0.5]: 35092 / 44995
[27, 28]; [0.5, 0.55]: 33882 / 42863
[27, 28]; [0.55, 0.6]: 24896 / 31502
[27, 28]; [0.6, 0.65]: 8032 / 10098
[27, 28]; [0.65, 0.7]: 204 / 276
[27, 28]; [0.7, 0.75]: 0 / 0
[27, 28]; [0.75, 0.8]: 0 / 0
[27, 28]; [0.8, 0.85]: 0 / 0
[27, 28]; [0.85, 0.9]: 0 / 0
[27, 28]; [0.9, 0.95]: 0 / 0
[27, 28]; [0.95, 1]: 0 / 0

[28, 29]; [-1, -0.95]: 0 / 0
[28, 29]; [-0.95, -0.9]: 0 / 0
[28, 29]; [-0.9, -0.85]: 0 / 0
[28, 29]; [-0.85, -0.8]: 0 / 0
[28, 29]; [-0.8, -0.75]: 0 / 0
[28, 29]; [-0.75, -0.7]: 0 / 0
[28, 29]; [-0.7, -0.65]: 769 / 1001
[28, 29]; [-0.65, -0.6]: 10433 / 13233
[28, 29]; [-0.6, -0.55]: 23680 / 30350
[28, 29]; [-0.55, -0.5]: 28561 / 37685
[28, 29]; [-0.5, -0.45]: 28723 / 38298
[28, 29]; [-0.45, -0.4]: 28276 / 38255
[28, 29]; [-0.4, -0.35]: 28330 / 38263
[28, 29]; [-0.35, -0.3]: 27911 / 38412
[28, 29]; [-0.3, -0.25]: 27574 / 38652
[28, 29]; [-0.25, -0.2]: 27712 / 38707
[28, 29]; [-0.2, -0.15]: 27922 / 38814
[28, 29]; [-0.15, -0.1]: 27565 / 39018
[28, 29]; [-0.1, -0.05]: 27617 / 39024
[28, 29]; [-0.05, 0]: 27658 / 39253
[28, 29]; [0, 0.05]: 27487 / 38941
[28, 29]; [0.05, 0.1]: 27949 / 39427
[28, 29]; [0.1, 0.15]: 27514 / 39359
[28, 29]; [0.15, 0.2]: 27611 / 39082
[28, 29]; [0.2, 0.25]: 27612 / 38865
[28, 29]; [0.25, 0.3]: 28066 / 39072
[28, 29]; [0.3, 0.35]: 28190 / 38043
[28, 29]; [0.35, 0.4]: 28247 / 38253
[28, 29]; [0.4, 0.45]: 28465 / 38276
[28, 29]; [0.45, 0.5]: 28654 / 38355
[28, 29]; [0.5, 0.55]: 28972 / 37707
[28, 29]; [0.55, 0.6]: 23665 / 30881
[28, 29]; [0.6, 0.65]: 10144 / 13437
[28, 29]; [0.65, 0.7]: 735 / 958
[28, 29]; [0.7, 0.75]: 0 / 0
[28, 29]; [0.75, 0.8]: 0 / 0
[28, 29]; [0.8, 0.85]: 0 / 0
[28, 29]; [0.85, 0.9]: 0 / 0
[28, 29]; [0.9, 0.95]: 0 / 0
[28, 29]; [0.95, 1]: 0 / 0

[29, 30]; [-1, -0.95]: 0 / 0
[29, 30]; [-0.95, -0.9]: 0 / 0
[29, 30]; [-0.9, -0.85]: 0 / 0
[29, 30]; [-0.85, -0.8]: 0 / 0
[29, 30]; [-0.8, -0.75]: 0 / 0
[29, 30]; [-0.75, -0.7]: 0 / 0
[29, 30]; [-0.7, -0.65]: 1466 / 2001
[29, 30]; [-0.65, -0.6]: 11903 / 15362
[29, 30]; [-0.6, -0.55]: 21583 / 28841
[29, 30]; [-0.55, -0.5]: 24304 / 32266
[29, 30]; [-0.5, -0.45]: 24006 / 32432
[29, 30]; [-0.45, -0.4]: 23636 / 32262
[29, 30]; [-0.4, -0.35]: 23194 / 32682
[29, 30]; [-0.35, -0.3]: 23224 / 33060
[29, 30]; [-0.3, -0.25]: 23097 / 33031
[29, 30]; [-0.25, -0.2]: 22915 / 33106
[29, 30]; [-0.2, -0.15]: 23082 / 33151
[29, 30]; [-0.15, -0.1]: 22774 / 33291
[29, 30]; [-0.1, -0.05]: 22884 / 32924
[29, 30]; [-0.05, 0]: 22882 / 33523
[29, 30]; [0, 0.05]: 23021 / 33357
[29, 30]; [0.05, 0.1]: 22948 / 32928
[29, 30]; [0.1, 0.15]: 22883 / 33163
[29, 30]; [0.15, 0.2]: 22919 / 33010
[29, 30]; [0.2, 0.25]: 23405 / 33045
[29, 30]; [0.25, 0.3]: 23110 / 32920
[29, 30]; [0.3, 0.35]: 23012 / 32808
[29, 30]; [0.35, 0.4]: 23319 / 32683
[29, 30]; [0.4, 0.45]: 23603 / 32377
[29, 30]; [0.45, 0.5]: 24264 / 32810
[29, 30]; [0.5, 0.55]: 24025 / 32626
[29, 30]; [0.55, 0.6]: 22017 / 29083
[29, 30]; [0.6, 0.65]: 11975 / 15530
[29, 30]; [0.65, 0.7]: 1505 / 2040
[29, 30]; [0.7, 0.75]: 0 / 0
[29, 30]; [0.75, 0.8]: 0 / 0
[29, 30]; [0.8, 0.85]: 0 / 0
[29, 30]; [0.85, 0.9]: 0 / 0
[29, 30]; [0.9, 0.95]: 0 / 0
[29, 30]; [0.95, 1]: 0 / 0

[30, 31]; [-1, -0.95]: 0 / 0
[30, 31]; [-0.95, -0.9]: 0 / 0
[30, 31]; [-0.9, -0.85]: 0 / 0
[30, 31]; [-0.85, -0.8]: 0 / 0
[30, 31]; [-0.8, -0.75]: 0 / 0
[30, 31]; [-0.75, -0.7]: 0 / 0
[30, 31]; [-0.7, -0.65]: 2502 / 3135
[30, 31]; [-0.65, -0.6]: 12671 / 17111
[30, 31]; [-0.6, -0.55]: 19416 / 26213
[30, 31]; [-0.55, -0.5]: 20292 / 27879
[30, 31]; [-0.5, -0.45]: 20184 / 28007
[30, 31]; [-0.45, -0.4]: 19836 / 27931
[30, 31]; [-0.4, -0.35]: 19456 / 27761
[30, 31]; [-0.35, -0.3]: 19512 / 27973
[30, 31]; [-0.3, -0.25]: 19249 / 28218
[30, 31]; [-0.25, -0.2]: 19294 / 28167
[30, 31]; [-0.2, -0.15]: 19297 / 28502
[30, 31]; [-0.15, -0.1]: 18979 / 28388
[30, 31]; [-0.1, -0.05]: 19113 / 28390
[30, 31]; [-0.05, 0]: 19347 / 28281
[30, 31]; [0, 0.05]: 18926 / 28366
[30, 31]; [0.05, 0.1]: 18933 / 28585
[30, 31]; [0.1, 0.15]: 19239 / 28600
[30, 31]; [0.15, 0.2]: 19203 / 28360
[30, 31]; [0.2, 0.25]: 19317 / 28214
[30, 31]; [0.25, 0.3]: 19699 / 28247
[30, 31]; [0.3, 0.35]: 19602 / 27885
[30, 31]; [0.35, 0.4]: 19626 / 27992
[30, 31]; [0.4, 0.45]: 19637 / 27799
[30, 31]; [0.45, 0.5]: 19961 / 27783
[30, 31]; [0.5, 0.55]: 20216 / 28092
[30, 31]; [0.55, 0.6]: 19622 / 26505
[30, 31]; [0.6, 0.65]: 12818 / 17360
[30, 31]; [0.65, 0.7]: 2402 / 3300
[30, 31]; [0.7, 0.75]: 0 / 0
[30, 31]; [0.75, 0.8]: 0 / 0
[30, 31]; [0.8, 0.85]: 0 / 0
[30, 31]; [0.85, 0.9]: 0 / 0
[30, 31]; [0.9, 0.95]: 0 / 0
[30, 31]; [0.95, 1]: 0 / 0

[31, 32]; [-1, -0.95]: 0 / 0
[31, 32]; [-0.95, -0.9]: 0 / 0
[31, 32]; [-0.9, -0.85]: 0 / 0
[31, 32]; [-0.85, -0.8]: 0 / 0
[31, 32]; [-0.8, -0.75]: 0 / 0
[31, 32]; [-0.75, -0.7]: 7 / 12
[31, 32]; [-0.7, -0.65]: 3363 / 4712
[31, 32]; [-0.65, -0.6]: 12810 / 17739
[31, 32]; [-0.6, -0.55]: 16930 / 23444
[31, 32]; [-0.55, -0.5]: 16962 / 23595
[31, 32]; [-0.5, -0.45]: 16759 / 23941
[31, 32]; [-0.45, -0.4]: 16421 / 23815
[31, 32]; [-0.4, -0.35]: 16415 / 24041
[31, 32]; [-0.35, -0.3]: 16367 / 24149
[31, 32]; [-0.3, -0.25]: 16137 / 24387
[31, 32]; [-0.25, -0.2]: 16036 / 24601
[31, 32]; [-0.2, -0.15]: 16197 / 24439
[31, 32]; [-0.15, -0.1]: 15984 / 24321
[31, 32]; [-0.1, -0.05]: 16039 / 24477
[31, 32]; [-0.05, 0]: 15922 / 24539
[31, 32]; [0, 0.05]: 16057 / 24290
[31, 32]; [0.05, 0.1]: 16069 / 24306
[31, 32]; [0.1, 0.15]: 16138 / 24369
[31, 32]; [0.15, 0.2]: 16180 / 24579
[31, 32]; [0.2, 0.25]: 15997 / 24238
[31, 32]; [0.25, 0.3]: 16441 / 24397
[31, 32]; [0.3, 0.35]: 16403 / 24184
[31, 32]; [0.35, 0.4]: 16234 / 24339
[31, 32]; [0.4, 0.45]: 16549 / 23833
[31, 32]; [0.45, 0.5]: 16772 / 23903
[31, 32]; [0.5, 0.55]: 17056 / 23756
[31, 32]; [0.55, 0.6]: 17058 / 23307
[31, 32]; [0.6, 0.65]: 12972 / 17584
[31, 32]; [0.65, 0.7]: 3519 / 4774
[31, 32]; [0.7, 0.75]: 14 / 10
[31, 32]; [0.75, 0.8]: 0 / 0
[31, 32]; [0.8, 0.85]: 0 / 0
[31, 32]; [0.85, 0.9]: 0 / 0
[31, 32]; [0.9, 0.95]: 0 / 0
[31, 32]; [0.95, 1]: 0 / 0

[32, 33]; [-1, -0.95]: 0 / 0
[32, 33]; [-0.95, -0.9]: 0 / 0
[32, 33]; [-0.9, -0.85]: 0 / 0
[32, 33]; [-0.85, -0.8]: 0 / 0
[32, 33]; [-0.8, -0.75]: 0 / 0
[32, 33]; [-0.75, -0.7]: 110 / 106
[32, 33]; [-0.7, -0.65]: 4583 / 6249
[32, 33]; [-0.65, -0.6]: 12226 / 16742
[32, 33]; [-0.6, -0.55]: 14476 / 20396
[32, 33]; [-0.55, -0.5]: 14434 / 20436
[32, 33]; [-0.5, -0.45]: 14021 / 20395
[32, 33]; [-0.45, -0.4]: 14277 / 20544
[32, 33]; [-0.4, -0.35]: 13914 / 20670
[32, 33]; [-0.35, -0.3]: 13881 / 21005
[32, 33]; [-0.3, -0.25]: 13777 / 20854
[32, 33]; [-0.25, -0.2]: 13540 / 20899
[32, 33]; [-0.2, -0.15]: 13687 / 21095
[32, 33]; [-0.15, -0.1]: 13754 / 20957
[32, 33]; [-0.1, -0.05]: 13549 / 20854
[32, 33]; [-0.05, 0]: 13634 / 21005
[32, 33]; [0, 0.05]: 13344 / 20924
[32, 33]; [0.05, 0.1]: 13312 / 21153
[32, 33]; [0.1, 0.15]: 13446 / 21092
[32, 33]; [0.15, 0.2]: 13701 / 21002
[32, 33]; [0.2, 0.25]: 13736 / 21127
[32, 33]; [0.25, 0.3]: 13939 / 20813
[32, 33]; [0.3, 0.35]: 13845 / 20886
[32, 33]; [0.35, 0.4]: 13890 / 20640
[32, 33]; [0.4, 0.45]: 13959 / 20510
[32, 33]; [0.45, 0.5]: 14260 / 20544
[32, 33]; [0.5, 0.55]: 14413 / 20493
[32, 33]; [0.55, 0.6]: 14617 / 20499
[32, 33]; [0.6, 0.65]: 12304 / 16961
[32, 33]; [0.65, 0.7]: 4454 / 6395
[32, 33]; [0.7, 0.75]: 97 / 128
[32, 33]; [0.75, 0.8]: 0 / 0
[32, 33]; [0.8, 0.85]: 0 / 0
[32, 33]; [0.85, 0.9]: 0 / 0
[32, 33]; [0.9, 0.95]: 0 / 0
[32, 33]; [0.95, 1]: 0 / 0

[33, 34]; [-1, -0.95]: 0 / 0
[33, 34]; [-0.95, -0.9]: 0 / 0
[33, 34]; [-0.9, -0.85]: 0 / 0
[33, 34]; [-0.85, -0.8]: 0 / 0
[33, 34]; [-0.8, -0.75]: 0 / 0
[33, 34]; [-0.75, -0.7]: 243 / 378
[33, 34]; [-0.7, -0.65]: 5325 / 7293
[33, 34]; [-0.65, -0.6]: 11387 / 15868
[33, 34]; [-0.6, -0.55]: 12337 / 17601
[33, 34]; [-0.55, -0.5]: 12219 / 17854
[33, 34]; [-0.5, -0.45]: 12036 / 17716
[33, 34]; [-0.45, -0.4]: 11942 / 18140
[33, 34]; [-0.4, -0.35]: 11915 / 18113
[33, 34]; [-0.35, -0.3]: 11696 / 18049
[33, 34]; [-0.3, -0.25]: 11506 / 17948
[33, 34]; [-0.25, -0.2]: 11597 / 18360
[33, 34]; [-0.2, -0.15]: 11560 / 18331
[33, 34]; [-0.15, -0.1]: 11527 / 18115
[33, 34]; [-0.1, -0.05]: 11542 / 18175
[33, 34]; [-0.05, 0]: 11651 / 18011
[33, 34]; [0, 0.05]: 11538 / 18227
[33, 34]; [0.05, 0.1]: 11451 / 18017
[33, 34]; [0.1, 0.15]: 11529 / 18232
[33, 34]; [0.15, 0.2]: 11603 / 18140
[33, 34]; [0.2, 0.25]: 11655 / 18168
[33, 34]; [0.25, 0.3]: 11651 / 18316
[33, 34]; [0.3, 0.35]: 11752 / 18172
[33, 34]; [0.35, 0.4]: 11909 / 17901
[33, 34]; [0.4, 0.45]: 11942 / 17873
[33, 34]; [0.45, 0.5]: 11973 / 17833
[33, 34]; [0.5, 0.55]: 12328 / 17924
[33, 34]; [0.55, 0.6]: 12186 / 17782
[33, 34]; [0.6, 0.65]: 11430 / 15870
[33, 34]; [0.65, 0.7]: 5339 / 7458
[33, 34]; [0.7, 0.75]: 285 / 392
[33, 34]; [0.75, 0.8]: 0 / 0
[33, 34]; [0.8, 0.85]: 0 / 0
[33, 34]; [0.85, 0.9]: 0 / 0
[33, 34]; [0.9, 0.95]: 0 / 0
[33, 34]; [0.95, 1]: 0 / 0

[34, 35]; [-1, -0.95]: 0 / 0
[34, 35]; [-0.95, -0.9]: 0 / 0
[34, 35]; [-0.9, -0.85]: 0 / 0
[34, 35]; [-0.85, -0.8]: 0 / 0
[34, 35]; [-0.8, -0.75]: 0 / 0
[34, 35]; [-0.75, -0.7]: 507 / 742
[34, 35]; [-0.7, -0.65]: 5884 / 8251
[34, 35]; [-0.65, -0.6]: 10317 / 14641
[34, 35]; [-0.6, -0.55]: 10655 / 15377
[34, 35]; [-0.55, -0.5]: 10297 / 15291
[34, 35]; [-0.5, -0.45]: 10207 / 15280
[34, 35]; [-0.45, -0.4]: 10116 / 15589
[34, 35]; [-0.4, -0.35]: 10054 / 15755
[34, 35]; [-0.35, -0.3]: 9997 / 15614
[34, 35]; [-0.3, -0.25]: 10004 / 15696
[34, 35]; [-0.25, -0.2]: 9782 / 15732
[34, 35]; [-0.2, -0.15]: 9856 / 15821
[34, 35]; [-0.15, -0.1]: 9860 / 15944
[34, 35]; [-0.1, -0.05]: 9833 / 15738
[34, 35]; [-0.05, 0]: 9859 / 15708
[34, 35]; [0, 0.05]: 9739 / 15820
[34, 35]; [0.05, 0.1]: 9835 / 15822
[34, 35]; [0.1, 0.15]: 9838 / 15935
[34, 35]; [0.15, 0.2]: 9772 / 15868
[34, 35]; [0.2, 0.25]: 9924 / 15728
[34, 35]; [0.25, 0.3]: 9907 / 15661
[34, 35]; [0.3, 0.35]: 10167 / 15697
[34, 35]; [0.35, 0.4]: 10167 / 15522
[34, 35]; [0.4, 0.45]: 10136 / 15609
[34, 35]; [0.45, 0.5]: 10224 / 15419
[34, 35]; [0.5, 0.55]: 10553 / 15637
[34, 35]; [0.55, 0.6]: 10454 / 15570
[34, 35]; [0.6, 0.65]: 10135 / 14865
[34, 35]; [0.65, 0.7]: 5766 / 8273
[34, 35]; [0.7, 0.75]: 532 / 694
[34, 35]; [0.75, 0.8]: 0 / 0
[34, 35]; [0.8, 0.85]: 0 / 0
[34, 35]; [0.85, 0.9]: 0 / 0
[34, 35]; [0.9, 0.95]: 0 / 0
[34, 35]; [0.95, 1]: 0 / 0

[35, 36]; [-1, -0.95]: 0 / 0
[35, 36]; [-0.95, -0.9]: 0 / 0
[35, 36]; [-0.9, -0.85]: 0 / 0
[35, 36]; [-0.85, -0.8]: 0 / 0
[35, 36]; [-0.8, -0.75]: 0 / 0
[35, 36]; [-0.75, -0.7]: 814 / 1171
[35, 36]; [-0.7, -0.65]: 6069 / 8566
[35, 36]; [-0.65, -0.6]: 9159 / 13477
[35, 36]; [-0.6, -0.55]: 9116 / 13311
[35, 36]; [-0.55, -0.5]: 9005 / 13563
[35, 36]; [-0.5, -0.45]: 8899 / 13466
[35, 36]; [-0.45, -0.4]: 8862 / 13536
[35, 36]; [-0.4, -0.35]: 8747 / 13582
[35, 36]; [-0.35, -0.3]: 8727 / 13579
[35, 36]; [-0.3, -0.25]: 8584 / 13693
[35, 36]; [-0.25, -0.2]: 8584 / 13973
[35, 36]; [-0.2, -0.15]: 8635 / 13766
[35, 36]; [-0.15, -0.1]: 8461 / 13885
[35, 36]; [-0.1, -0.05]: 8261 / 13816
[35, 36]; [-0.05, 0]: 8492 / 13597
[35, 36]; [0, 0.05]: 8423 / 13712
[35, 36]; [0.05, 0.1]: 8427 / 13590
[35, 36]; [0.1, 0.15]: 8297 / 13801
[35, 36]; [0.15, 0.2]: 8349 / 13699
[35, 36]; [0.2, 0.25]: 8433 / 13678
[35, 36]; [0.25, 0.3]: 8433 / 13616
[35, 36]; [0.3, 0.35]: 8603 / 13816
[35, 36]; [0.35, 0.4]: 8803 / 13601
[35, 36]; [0.4, 0.45]: 8829 / 13604
[35, 36]; [0.45, 0.5]: 8759 / 13485
[35, 36]; [0.5, 0.55]: 8932 / 13432
[35, 36]; [0.55, 0.6]: 9175 / 13298
[35, 36]; [0.6, 0.65]: 8840 / 13263
[35, 36]; [0.65, 0.7]: 5991 / 8729
[35, 36]; [0.7, 0.75]: 759 / 1223
[35, 36]; [0.75, 0.8]: 0 / 0
[35, 36]; [0.8, 0.85]: 0 / 0
[35, 36]; [0.85, 0.9]: 0 / 0
[35, 36]; [0.9, 0.95]: 0 / 0
[35, 36]; [0.95, 1]: 0 / 0

[36, 37]; [-1, -0.95]: 0 / 0
[36, 37]; [-0.95, -0.9]: 0 / 0
[36, 37]; [-0.9, -0.85]: 0 / 0
[36, 37]; [-0.85, -0.8]: 0 / 0
[36, 37]; [-0.8, -0.75]: 0 / 0
[36, 37]; [-0.75, -0.7]: 1063 / 1545
[36, 37]; [-0.7, -0.65]: 5970 / 8964
[36, 37]; [-0.65, -0.6]: 7933 / 11558
[36, 37]; [-0.6, -0.55]: 7673 / 11892
[36, 37]; [-0.55, -0.5]: 7646 / 11817
[36, 37]; [-0.5, -0.45]: 7433 / 11805
[36, 37]; [-0.45, -0.4]: 7398 / 12009
[36, 37]; [-0.4, -0.35]: 7312 / 11676
[36, 37]; [-0.35, -0.3]: 7341 / 11841
[36, 37]; [-0.3, -0.25]: 7506 / 11878
[36, 37]; [-0.25, -0.2]: 7284 / 11910
[36, 37]; [-0.2, -0.15]: 7272 / 12015
[36, 37]; [-0.15, -0.1]: 7313 / 12074
[36, 37]; [-0.1, -0.05]: 7258 / 11847
[36, 37]; [-0.05, 0]: 7364 / 11772
[36, 37]; [0, 0.05]: 7060 / 11951
[36, 37]; [0.05, 0.1]: 7171 / 12237
[36, 37]; [0.1, 0.15]: 7133 / 11943
[36, 37]; [0.15, 0.2]: 7235 / 12132
[36, 37]; [0.2, 0.25]: 7314 / 11842
[36, 37]; [0.25, 0.3]: 7235 / 12002
[36, 37]; [0.3, 0.35]: 7240 / 11938
[36, 37]; [0.35, 0.4]: 7416 / 11978
[36, 37]; [0.4, 0.45]: 7666 / 11876
[36, 37]; [0.45, 0.5]: 7642 / 11721
[36, 37]; [0.5, 0.55]: 7696 / 11726
[36, 37]; [0.55, 0.6]: 7814 / 11891
[36, 37]; [0.6, 0.65]: 7875 / 11799
[36, 37]; [0.65, 0.7]: 6179 / 8839
[36, 37]; [0.7, 0.75]: 1156 / 1723
[36, 37]; [0.75, 0.8]: 0 / 0
[36, 37]; [0.8, 0.85]: 0 / 0
[36, 37]; [0.85, 0.9]: 0 / 0
[36, 37]; [0.9, 0.95]: 0 / 0
[36, 37]; [0.95, 1]: 0 / 0

[37, 38]; [-1, -0.95]: 0 / 0
[37, 38]; [-0.95, -0.9]: 0 / 0
[37, 38]; [-0.9, -0.85]: 0 / 0
[37, 38]; [-0.85, -0.8]: 0 / 0
[37, 38]; [-0.8, -0.75]: 0 / 0
[37, 38]; [-0.75, -0.7]: 1540 / 2204
[37, 38]; [-0.7, -0.65]: 5790 / 8497
[37, 38]; [-0.65, -0.6]: 6928 / 10310
[37, 38]; [-0.6, -0.55]: 6776 / 10167
[37, 38]; [-0.55, -0.5]: 6585 / 10303
[37, 38]; [-0.5, -0.45]: 6464 / 10432
[37, 38]; [-0.45, -0.4]: 6459 / 10457
[37, 38]; [-0.4, -0.35]: 6382 / 10180
[37, 38]; [-0.35, -0.3]: 6321 / 10487
[37, 38]; [-0.3, -0.25]: 6277 / 10518
[37, 38]; [-0.25, -0.2]: 6361 / 10580
[37, 38]; [-0.2, -0.15]: 6272 / 10439
[37, 38]; [-0.15, -0.1]: 6236 / 10307
[37, 38]; [-0.1, -0.05]: 6183 / 10224
[37, 38]; [-0.05, 0]: 6061 / 10490
[37, 38]; [0, 0.05]: 6175 / 10447
[37, 38]; [0.05, 0.1]: 6138 / 10473
[37, 38]; [0.1, 0.15]: 6195 / 10220
[37, 38]; [0.15, 0.2]: 6182 / 10433
[37, 38]; [0.2, 0.25]: 6242 / 10381
[37, 38]; [0.25, 0.3]: 6269 / 10529
[37, 38]; [0.3, 0.35]: 6480 / 10620
[37, 38]; [0.35, 0.4]: 6551 / 10498
[37, 38]; [0.4, 0.45]: 6463 / 10453
[37, 38]; [0.45, 0.5]: 6618 / 10489
[37, 38]; [0.5, 0.55]: 6663 / 10367
[37, 38]; [0.55, 0.6]: 6635 / 10209
[37, 38]; [0.6, 0.65]: 6895 / 10126
[37, 38]; [0.65, 0.7]: 5859 / 8594
[37, 38]; [0.7, 0.75]: 1572 / 2203
[37, 38]; [0.75, 0.8]: 0 / 1
[37, 38]; [0.8, 0.85]: 0 / 0
[37, 38]; [0.85, 0.9]: 0 / 0
[37, 38]; [0.9, 0.95]: 0 / 0
[37, 38]; [0.95, 1]: 0 / 0

[38, 39]; [-1, -0.95]: 0 / 0
[38, 39]; [-0.95, -0.9]: 0 / 0
[38, 39]; [-0.9, -0.85]: 0 / 0
[38, 39]; [-0.85, -0.8]: 0 / 0
[38, 39]; [-0.8, -0.75]: 3 / 6
[38, 39]; [-0.75, -0.7]: 1914 / 2777
[38, 39]; [-0.7, -0.65]: 5294 / 8018
[38, 39]; [-0.65, -0.6]: 5880 / 9079
[38, 39]; [-0.6, -0.55]: 5745 / 9080
[38, 39]; [-0.55, -0.5]: 5702 / 9207
[38, 39]; [-0.5, -0.45]: 5695 / 8985
[38, 39]; [-0.45, -0.4]: 5598 / 9082
[38, 39]; [-0.4, -0.35]: 5614 / 9218
[38, 39]; [-0.35, -0.3]: 5621 / 9160
[38, 39]; [-0.3, -0.25]: 5514 / 9337
[38, 39]; [-0.25, -0.2]: 5539 / 9135
[38, 39]; [-0.2, -0.15]: 5409 / 9081
[38, 39]; [-0.15, -0.1]: 5364 / 9186
[38, 39]; [-0.1, -0.05]: 5357 / 9146
[38, 39]; [-0.05, 0]: 5394 / 9392
[38, 39]; [0, 0.05]: 5427 / 8990
[38, 39]; [0.05, 0.1]: 5359 / 9137
[38, 39]; [0.1, 0.15]: 5510 / 9203
[38, 39]; [0.15, 0.2]: 5559 / 9236
[38, 39]; [0.2, 0.25]: 5492 / 9243
[38, 39]; [0.25, 0.3]: 5546 / 9421
[38, 39]; [0.3, 0.35]: 5507 / 9210
[38, 39]; [0.35, 0.4]: 5607 / 9232
[38, 39]; [0.4, 0.45]: 5695 / 9370
[38, 39]; [0.45, 0.5]: 5780 / 9247
[38, 39]; [0.5, 0.55]: 5864 / 9120
[38, 39]; [0.55, 0.6]: 5806 / 9165
[38, 39]; [0.6, 0.65]: 6042 / 9064
[38, 39]; [0.65, 0.7]: 5370 / 8151
[38, 39]; [0.7, 0.75]: 1880 / 2805
[38, 39]; [0.75, 0.8]: 3 / 4
[38, 39]; [0.8, 0.85]: 0 / 0
[38, 39]; [0.85, 0.9]: 0 / 0
[38, 39]; [0.9, 0.95]: 0 / 0
[38, 39]; [0.95, 1]: 0 / 0

[39, 40]; [-1, -0.95]: 0 / 0
[39, 40]; [-0.95, -0.9]: 0 / 0
[39, 40]; [-0.9, -0.85]: 0 / 0
[39, 40]; [-0.85, -0.8]: 0 / 0
[39, 40]; [-0.8, -0.75]: 34 / 47
[39, 40]; [-0.75, -0.7]: 2153 / 3133
[39, 40]; [-0.7, -0.65]: 5036 / 7380
[39, 40]; [-0.65, -0.6]: 5249 / 7937
[39, 40]; [-0.6, -0.55]: 5106 / 8075
[39, 40]; [-0.55, -0.5]: 5039 / 8007
[39, 40]; [-0.5, -0.45]: 4808 / 7994
[39, 40]; [-0.45, -0.4]: 4701 / 8052
[39, 40]; [-0.4, -0.35]: 4919 / 8020
[39, 40]; [-0.35, -0.3]: 4749 / 8128
[39, 40]; [-0.3, -0.25]: 4748 / 8020
[39, 40]; [-0.25, -0.2]: 4782 / 8042
[39, 40]; [-0.2, -0.15]: 4827 / 8167
[39, 40]; [-0.15, -0.1]: 4665 / 8323
[39, 40]; [-0.1, -0.05]: 4538 / 8064
[39, 40]; [-0.05, 0]: 4675 / 8126
[39, 40]; [0, 0.05]: 4767 / 8200
[39, 40]; [0.05, 0.1]: 4755 / 8249
[39, 40]; [0.1, 0.15]: 4689 / 8046
[39, 40]; [0.15, 0.2]: 4628 / 8096
[39, 40]; [0.2, 0.25]: 4774 / 8116
[39, 40]; [0.25, 0.3]: 4854 / 8089
[39, 40]; [0.3, 0.35]: 4848 / 8053
[39, 40]; [0.35, 0.4]: 4850 / 8207
[39, 40]; [0.4, 0.45]: 4855 / 8024
[39, 40]; [0.45, 0.5]: 4905 / 8090
[39, 40]; [0.5, 0.55]: 4936 / 7962
[39, 40]; [0.55, 0.6]: 5176 / 7990
[39, 40]; [0.6, 0.65]: 5248 / 8060
[39, 40]; [0.65, 0.7]: 4909 / 7595
[39, 40]; [0.7, 0.75]: 2230 / 3182
[39, 40]; [0.75, 0.8]: 27 / 45
[39, 40]; [0.8, 0.85]: 0 / 0
[39, 40]; [0.85, 0.9]: 0 / 0
[39, 40]; [0.9, 0.95]: 0 / 0
[39, 40]; [0.95, 1]: 0 / 0

[40, 42]; [-1, -0.95]: 0 / 0
[40, 42]; [-0.95, -0.9]: 0 / 0
[40, 42]; [-0.9, -0.85]: 0 / 0
[40, 42]; [-0.85, -0.8]: 0 / 0
[40, 42]; [-0.8, -0.75]: 196 / 319
[40, 42]; [-0.75, -0.7]: 4865 / 7107
[40, 42]; [-0.7, -0.65]: 8572 / 12970
[40, 42]; [-0.65, -0.6]: 8443 / 13436
[40, 42]; [-0.6, -0.55]: 8391 / 13209
[40, 42]; [-0.55, -0.5]: 8243 / 13361
[40, 42]; [-0.5, -0.45]: 7881 / 13476
[40, 42]; [-0.45, -0.4]: 8035 / 13627
[40, 42]; [-0.4, -0.35]: 7954 / 13403
[40, 42]; [-0.35, -0.3]: 7955 / 13452
[40, 42]; [-0.3, -0.25]: 7773 / 13524
[40, 42]; [-0.25, -0.2]: 7682 / 13459
[40, 42]; [-0.2, -0.15]: 7815 / 13215
[40, 42]; [-0.15, -0.1]: 7690 / 13489
[40, 42]; [-0.1, -0.05]: 7697 / 13384
[40, 42]; [-0.05, 0]: 7730 / 13432
[40, 42]; [0, 0.05]: 7558 / 13908
[40, 42]; [0.05, 0.1]: 7559 / 13542
[40, 42]; [0.1, 0.15]: 7567 / 13706
[40, 42]; [0.15, 0.2]: 7629 / 13587
[40, 42]; [0.2, 0.25]: 7761 / 13386
[40, 42]; [0.25, 0.3]: 7838 / 13479
[40, 42]; [0.3, 0.35]: 7811 / 13534
[40, 42]; [0.35, 0.4]: 8019 / 13642
[40, 42]; [0.4, 0.45]: 8079 / 13571
[40, 42]; [0.45, 0.5]: 8177 / 13344
[40, 42]; [0.5, 0.55]: 8185 / 13385
[40, 42]; [0.55, 0.6]: 8356 / 13353
[40, 42]; [0.6, 0.65]: 8549 / 13406
[40, 42]; [0.65, 0.7]: 8499 / 13147
[40, 42]; [0.7, 0.75]: 4933 / 7396
[40, 42]; [0.75, 0.8]: 205 / 290
[40, 42]; [0.8, 0.85]: 0 / 0
[40, 42]; [0.85, 0.9]: 0 / 0
[40, 42]; [0.9, 0.95]: 0 / 0
[40, 42]; [0.95, 1]: 0 / 0

[42, 44]; [-1, -0.95]: 0 / 0
[42, 44]; [-0.95, -0.9]: 0 / 0
[42, 44]; [-0.9, -0.85]: 0 / 0
[42, 44]; [-0.85, -0.8]: 0 / 0
[42, 44]; [-0.8, -0.75]: 533 / 809
[42, 44]; [-0.75, -0.7]: 4977 / 7700
[42, 44]; [-0.7, -0.65]: 6706 / 10482
[42, 44]; [-0.65, -0.6]: 6647 / 10657
[42, 44]; [-0.6, -0.55]: 6399 / 10480
[42, 44]; [-0.55, -0.5]: 6352 / 10559
[42, 44]; [-0.5, -0.45]: 6273 / 10566
[42, 44]; [-0.45, -0.4]: 6175 / 10603
[42, 44]; [-0.4, -0.35]: 6105 / 10470
[42, 44]; [-0.35, -0.3]: 6164 / 10467
[42, 44]; [-0.3, -0.25]: 5982 / 10562
[42, 44]; [-0.25, -0.2]: 5906 / 10521
[42, 44]; [-0.2, -0.15]: 5869 / 10560
[42, 44]; [-0.15, -0.1]: 5765 / 10543
[42, 44]; [-0.1, -0.05]: 5797 / 10523
[42, 44]; [-0.05, 0]: 5884 / 10536
[42, 44]; [0, 0.05]: 5895 / 10545
[42, 44]; [0.05, 0.1]: 5927 / 10557
[42, 44]; [0.1, 0.15]: 5819 / 10725
[42, 44]; [0.15, 0.2]: 6021 / 10648
[42, 44]; [0.2, 0.25]: 5973 / 10650
[42, 44]; [0.25, 0.3]: 5914 / 10556
[42, 44]; [0.3, 0.35]: 6077 / 10548
[42, 44]; [0.35, 0.4]: 6115 / 10562
[42, 44]; [0.4, 0.45]: 6164 / 10510
[42, 44]; [0.45, 0.5]: 6285 / 10760
[42, 44]; [0.5, 0.55]: 6399 / 10629
[42, 44]; [0.55, 0.6]: 6423 / 10576
[42, 44]; [0.6, 0.65]: 6620 / 10754
[42, 44]; [0.65, 0.7]: 6585 / 10554
[42, 44]; [0.7, 0.75]: 5054 / 7798
[42, 44]; [0.75, 0.8]: 540 / 902
[42, 44]; [0.8, 0.85]: 0 / 0
[42, 44]; [0.85, 0.9]: 0 / 0
[42, 44]; [0.9, 0.95]: 0 / 0
[42, 44]; [0.95, 1]: 0 / 0

[44, 46]; [-1, -0.95]: 0 / 0
[44, 46]; [-0.95, -0.9]: 0 / 0
[44, 46]; [-0.9, -0.85]: 0 / 0
[44, 46]; [-0.85, -0.8]: 0 / 0
[44, 46]; [-0.8, -0.75]: 912 / 1439
[44, 46]; [-0.75, -0.7]: 4647 / 7173
[44, 46]; [-0.7, -0.65]: 5255 / 8385
[44, 46]; [-0.65, -0.6]: 5057 / 8249
[44, 46]; [-0.6, -0.55]: 4994 / 8206
[44, 46]; [-0.55, -0.5]: 4805 / 8367
[44, 46]; [-0.5, -0.45]: 4729 / 8341
[44, 46]; [-0.45, -0.4]: 4779 / 8386
[44, 46]; [-0.4, -0.35]: 4733 / 8515
[44, 46]; [-0.35, -0.3]: 4586 / 8270
[44, 46]; [-0.3, -0.25]: 4719 / 8413
[44, 46]; [-0.25, -0.2]: 4684 / 8388
[44, 46]; [-0.2, -0.15]: 4435 / 8324
[44, 46]; [-0.15, -0.1]: 4600 / 8311
[44, 46]; [-0.1, -0.05]: 4585 / 8449
[44, 46]; [-0.05, 0]: 4540 / 8305
[44, 46]; [0, 0.05]: 4405 / 8390
[44, 46]; [0.05, 0.1]: 4501 / 8442
[44, 46]; [0.1, 0.15]: 4690 / 8535
[44, 46]; [0.15, 0.2]: 4635 / 8340
[44, 46]; [0.2, 0.25]: 4468 / 8505
[44, 46]; [0.25, 0.3]: 4588 / 8380
[44, 46]; [0.3, 0.35]: 4781 / 8518
[44, 46]; [0.35, 0.4]: 4721 / 8430
[44, 46]; [0.4, 0.45]: 4905 / 8344
[44, 46]; [0.45, 0.5]: 4835 / 8554
[44, 46]; [0.5, 0.55]: 4981 / 8419
[44, 46]; [0.55, 0.6]: 4930 / 8456
[44, 46]; [0.6, 0.65]: 5335 / 8464
[44, 46]; [0.65, 0.7]: 5271 / 8312
[44, 46]; [0.7, 0.75]: 4760 / 7183
[44, 46]; [0.75, 0.8]: 910 / 1497
[44, 46]; [0.8, 0.85]: 0 / 0
[44, 46]; [0.85, 0.9]: 0 / 0
[44, 46]; [0.9, 0.95]: 0 / 0
[44, 46]; [0.95, 1]: 0 / 0

[46, 48]; [-1, -0.95]: 0 / 0
[46, 48]; [-0.95, -0.9]: 0 / 0
[46, 48]; [-0.9, -0.85]: 0 / 0
[46, 48]; [-0.85, -0.8]: 0 / 0
[46, 48]; [-0.8, -0.75]: 1276 / 2056
[46, 48]; [-0.75, -0.7]: 4060 / 6056
[46, 48]; [-0.7, -0.65]: 4114 / 6708
[46, 48]; [-0.65, -0.6]: 3897 / 6754
[46, 48]; [-0.6, -0.55]: 3868 / 6738
[46, 48]; [-0.55, -0.5]: 3853 / 6779
[46, 48]; [-0.5, -0.45]: 3848 / 6847
[46, 48]; [-0.45, -0.4]: 3812 / 6779
[46, 48]; [-0.4, -0.35]: 3709 / 6732
[46, 48]; [-0.35, -0.3]: 3617 / 6660
[46, 48]; [-0.3, -0.25]: 3627 / 6666
[46, 48]; [-0.25, -0.2]: 3682 / 6704
[46, 48]; [-0.2, -0.15]: 3647 / 6670
[46, 48]; [-0.15, -0.1]: 3410 / 6622
[46, 48]; [-0.1, -0.05]: 3523 / 6465
[46, 48]; [-0.05, 0]: 3581 / 6708
[46, 48]; [0, 0.05]: 3361 / 6681
[46, 48]; [0.05, 0.1]: 3561 / 6509
[46, 48]; [0.1, 0.15]: 3586 / 6573
[46, 48]; [0.15, 0.2]: 3641 / 6622
[46, 48]; [0.2, 0.25]: 3615 / 6617
[46, 48]; [0.25, 0.3]: 3626 / 6833
[46, 48]; [0.3, 0.35]: 3649 / 6707
[46, 48]; [0.35, 0.4]: 3814 / 6759
[46, 48]; [0.4, 0.45]: 3719 / 6868
[46, 48]; [0.45, 0.5]: 3736 / 6778
[46, 48]; [0.5, 0.55]: 3938 / 6785
[46, 48]; [0.55, 0.6]: 4019 / 6850
[46, 48]; [0.6, 0.65]: 3999 / 6644
[46, 48]; [0.65, 0.7]: 4157 / 6672
[46, 48]; [0.7, 0.75]: 3956 / 6219
[46, 48]; [0.75, 0.8]: 1322 / 2030
[46, 48]; [0.8, 0.85]: 0 / 0
[46, 48]; [0.85, 0.9]: 0 / 0
[46, 48]; [0.9, 0.95]: 0 / 0
[46, 48]; [0.95, 1]: 0 / 0

[48, 50]; [-1, -0.95]: 0 / 0
[48, 50]; [-0.95, -0.9]: 0 / 0
[48, 50]; [-0.9, -0.85]: 0 / 0
[48, 50]; [-0.85, -0.8]: 3 / 9
[48, 50]; [-0.8, -0.75]: 1613 / 2493
[48, 50]; [-0.75, -0.7]: 3371 / 5545
[48, 50]; [-0.7, -0.65]: 3377 / 5368
[48, 50]; [-0.65, -0.6]: 3210 / 5365
[48, 50]; [-0.6, -0.55]: 3068 / 5492
[48, 50]; [-0.55, -0.5]: 3038 / 5443
[48, 50]; [-0.5, -0.45]: 3030 / 5343
[48, 50]; [-0.45, -0.4]: 2953 / 5341
[48, 50]; [-0.4, -0.35]: 2865 / 5428
[48, 50]; [-0.35, -0.3]: 2872 / 5441
[48, 50]; [-0.3, -0.25]: 2752 / 5467
[48, 50]; [-0.25, -0.2]: 2808 / 5252
[48, 50]; [-0.2, -0.15]: 2772 / 5391
[48, 50]; [-0.15, -0.1]: 2798 / 5349
[48, 50]; [-0.1, -0.05]: 2861 / 5329
[48, 50]; [-0.05, 0]: 2740 / 5285
[48, 50]; [0, 0.05]: 2852 / 5411
[48, 50]; [0.05, 0.1]: 2846 / 5409
[48, 50]; [0.1, 0.15]: 2838 / 5452
[48, 50]; [0.15, 0.2]: 2807 / 5315
[48, 50]; [0.2, 0.25]: 2861 / 5379
[48, 50]; [0.25, 0.3]: 2868 / 5344
[48, 50]; [0.3, 0.35]: 2906 / 5328
[48, 50]; [0.35, 0.4]: 2972 / 5390
[48, 50]; [0.4, 0.45]: 3018 / 5497
[48, 50]; [0.45, 0.5]: 3022 / 5498
[48, 50]; [0.5, 0.55]: 3023 / 5585
[48, 50]; [0.55, 0.6]: 3208 / 5481
[48, 50]; [0.6, 0.65]: 3222 / 5485
[48, 50]; [0.65, 0.7]: 3308 / 5331
[48, 50]; [0.7, 0.75]: 3376 / 5403
[48, 50]; [0.75, 0.8]: 1563 / 2501
[48, 50]; [0.8, 0.85]: 5 / 11
[48, 50]; [0.85, 0.9]: 0 / 0
[48, 50]; [0.9, 0.95]: 0 / 0
[48, 50]; [0.95, 1]: 0 / 0

[50, 52]; [-1, -0.95]: 0 / 0
[50, 52]; [-0.95, -0.9]: 0 / 0
[50, 52]; [-0.9, -0.85]: 0 / 0
[50, 52]; [-0.85, -0.8]: 43 / 59
[50, 52]; [-0.8, -0.75]: 1691 / 2693
[50, 52]; [-0.75, -0.7]: 2732 / 4374
[50, 52]; [-0.7, -0.65]: 2625 / 4392
[50, 52]; [-0.65, -0.6]: 2537 / 4389
[50, 52]; [-0.6, -0.55]: 2462 / 4402
[50, 52]; [-0.55, -0.5]: 2487 / 4526
[50, 52]; [-0.5, -0.45]: 2434 / 4391
[50, 52]; [-0.45, -0.4]: 2339 / 4244
[50, 52]; [-0.4, -0.35]: 2280 / 4379
[50, 52]; [-0.35, -0.3]: 2276 / 4394
[50, 52]; [-0.3, -0.25]: 2226 / 4396
[50, 52]; [-0.25, -0.2]: 2194 / 4387
[50, 52]; [-0.2, -0.15]: 2178 / 4341
[50, 52]; [-0.15, -0.1]: 2239 / 4236
[50, 52]; [-0.1, -0.05]: 2192 / 4352
[50, 52]; [-0.05, 0]: 2182 / 4248
[50, 52]; [0, 0.05]: 2185 / 4415
[50, 52]; [0.05, 0.1]: 2242 / 4366
[50, 52]; [0.1, 0.15]: 2220 / 4245
[50, 52]; [0.15, 0.2]: 2294 / 4288
[50, 52]; [0.2, 0.25]: 2241 / 4388
[50, 52]; [0.25, 0.3]: 2344 / 4246
[50, 52]; [0.3, 0.35]: 2346 / 4336
[50, 52]; [0.35, 0.4]: 2458 / 4321
[50, 52]; [0.4, 0.45]: 2414 / 4386
[50, 52]; [0.45, 0.5]: 2480 / 4418
[50, 52]; [0.5, 0.55]: 2555 / 4572
[50, 52]; [0.55, 0.6]: 2540 / 4588
[50, 52]; [0.6, 0.65]: 2539 / 4479
[50, 52]; [0.65, 0.7]: 2598 / 4538
[50, 52]; [0.7, 0.75]: 2753 / 4519
[50, 52]; [0.75, 0.8]: 1767 / 2720
[50, 52]; [0.8, 0.85]: 33 / 60
[50, 52]; [0.85, 0.9]: 0 / 0
[50, 52]; [0.9, 0.95]: 0 / 0
[50, 52]; [0.95, 1]: 0 / 0

[52, 54]; [-1, -0.95]: 0 / 0
[52, 54]; [-0.95, -0.9]: 0 / 0
[52, 54]; [-0.9, -0.85]: 0 / 0
[52, 54]; [-0.85, -0.8]: 85 / 166
[52, 54]; [-0.8, -0.75]: 1741 / 2669
[52, 54]; [-0.75, -0.7]: 2224 / 3696
[52, 54]; [-0.7, -0.65]: 2175 / 3512
[52, 54]; [-0.65, -0.6]: 2177 / 3673
[52, 54]; [-0.6, -0.55]: 2091 / 3746
[52, 54]; [-0.55, -0.5]: 1947 / 3573
[52, 54]; [-0.5, -0.45]: 1947 / 3680
[52, 54]; [-0.45, -0.4]: 1966 / 3616
[52, 54]; [-0.4, -0.35]: 1893 / 3645
[52, 54]; [-0.35, -0.3]: 1900 / 3565
[52, 54]; [-0.3, -0.25]: 1804 / 3535
[52, 54]; [-0.25, -0.2]: 1812 / 3564
[52, 54]; [-0.2, -0.15]: 1805 / 3475
[52, 54]; [-0.15, -0.1]: 1819 / 3485
[52, 54]; [-0.1, -0.05]: 1735 / 3578
[52, 54]; [-0.05, 0]: 1844 / 3494
[52, 54]; [0, 0.05]: 1792 / 3532
[52, 54]; [0.05, 0.1]: 1748 / 3502
[52, 54]; [0.1, 0.15]: 1795 / 3613
[52, 54]; [0.15, 0.2]: 1802 / 3568
[52, 54]; [0.2, 0.25]: 1867 / 3421
[52, 54]; [0.25, 0.3]: 1784 / 3487
[52, 54]; [0.3, 0.35]: 1907 / 3525
[52, 54]; [0.35, 0.4]: 1915 / 3585
[52, 54]; [0.4, 0.45]: 1909 / 3515
[52, 54]; [0.45, 0.5]: 2016 / 3730
[52, 54]; [0.5, 0.55]: 2024 / 3813
[52, 54]; [0.55, 0.6]: 2067 / 3745
[52, 54]; [0.6, 0.65]: 2083 / 3741
[52, 54]; [0.65, 0.7]: 2193 / 3708
[52, 54]; [0.7, 0.75]: 2283 / 3641
[52, 54]; [0.75, 0.8]: 1677 / 2726
[52, 54]; [0.8, 0.85]: 102 / 151
[52, 54]; [0.85, 0.9]: 0 / 0
[52, 54]; [0.9, 0.95]: 0 / 0
[52, 54]; [0.95, 1]: 0 / 0

[54, 56]; [-1, -0.95]: 0 / 0
[54, 56]; [-0.95, -0.9]: 0 / 0
[54, 56]; [-0.9, -0.85]: 0 / 0
[54, 56]; [-0.85, -0.8]: 166 / 271
[54, 56]; [-0.8, -0.75]: 1601 / 2566
[54, 56]; [-0.75, -0.7]: 1823 / 2972
[54, 56]; [-0.7, -0.65]: 1805 / 3049
[54, 56]; [-0.65, -0.6]: 1611 / 2915
[54, 56]; [-0.6, -0.55]: 1720 / 3047
[54, 56]; [-0.55, -0.5]: 1594 / 2953
[54, 56]; [-0.5, -0.45]: 1621 / 2876
[54, 56]; [-0.45, -0.4]: 1595 / 2994
[54, 56]; [-0.4, -0.35]: 1543 / 2895
[54, 56]; [-0.35, -0.3]: 1496 / 2947
[54, 56]; [-0.3, -0.25]: 1509 / 2924
[54, 56]; [-0.25, -0.2]: 1400 / 2783
[54, 56]; [-0.2, -0.15]: 1454 / 2844
[54, 56]; [-0.15, -0.1]: 1458 / 2835
[54, 56]; [-0.1, -0.05]: 1408 / 2808
[54, 56]; [-0.05, 0]: 1397 / 2848
[54, 56]; [0, 0.05]: 1416 / 2851
[54, 56]; [0.05, 0.1]: 1425 / 2873
[54, 56]; [0.1, 0.15]: 1507 / 2735
[54, 56]; [0.15, 0.2]: 1419 / 2866
[54, 56]; [0.2, 0.25]: 1536 / 2912
[54, 56]; [0.25, 0.3]: 1488 / 2891
[54, 56]; [0.3, 0.35]: 1525 / 2899
[54, 56]; [0.35, 0.4]: 1576 / 2941
[54, 56]; [0.4, 0.45]: 1547 / 2981
[54, 56]; [0.45, 0.5]: 1654 / 2991
[54, 56]; [0.5, 0.55]: 1609 / 3063
[54, 56]; [0.55, 0.6]: 1706 / 3048
[54, 56]; [0.6, 0.65]: 1671 / 2982
[54, 56]; [0.65, 0.7]: 1798 / 3074
[54, 56]; [0.7, 0.75]: 1837 / 3044
[54, 56]; [0.75, 0.8]: 1574 / 2573
[54, 56]; [0.8, 0.85]: 164 / 275
[54, 56]; [0.85, 0.9]: 0 / 0
[54, 56]; [0.9, 0.95]: 0 / 0
[54, 56]; [0.95, 1]: 0 / 0

[56, 58]; [-1, -0.95]: 0 / 0
[56, 58]; [-0.95, -0.9]: 0 / 0
[56, 58]; [-0.9, -0.85]: 0 / 0
[56, 58]; [-0.85, -0.8]: 241 / 416
[56, 58]; [-0.8, -0.75]: 1423 / 2319
[56, 58]; [-0.75, -0.7]: 1510 / 2452
[56, 58]; [-0.7, -0.65]: 1425 / 2501
[56, 58]; [-0.65, -0.6]: 1374 / 2510
[56, 58]; [-0.6, -0.55]: 1363 / 2503
[56, 58]; [-0.55, -0.5]: 1320 / 2487
[56, 58]; [-0.5, -0.45]: 1353 / 2568
[56, 58]; [-0.45, -0.4]: 1258 / 2462
[56, 58]; [-0.4, -0.35]: 1275 / 2415
[56, 58]; [-0.35, -0.3]: 1131 / 2347
[56, 58]; [-0.3, -0.25]: 1254 / 2396
[56, 58]; [-0.25, -0.2]: 1208 / 2402
[56, 58]; [-0.2, -0.15]: 1162 / 2369
[56, 58]; [-0.15, -0.1]: 1094 / 2388
[56, 58]; [-0.1, -0.05]: 1170 / 2296
[56, 58]; [-0.05, 0]: 1178 / 2392
[56, 58]; [0, 0.05]: 1126 / 2304
[56, 58]; [0.05, 0.1]: 1221 / 2368
[56, 58]; [0.1, 0.15]: 1098 / 2362
[56, 58]; [0.15, 0.2]: 1178 / 2375
[56, 58]; [0.2, 0.25]: 1196 / 2456
[56, 58]; [0.25, 0.3]: 1163 / 2411
[56, 58]; [0.3, 0.35]: 1224 / 2449
[56, 58]; [0.35, 0.4]: 1229 / 2488
[56, 58]; [0.4, 0.45]: 1298 / 2503
[56, 58]; [0.45, 0.5]: 1340 / 2567
[56, 58]; [0.5, 0.55]: 1291 / 2426
[56, 58]; [0.55, 0.6]: 1359 / 2485
[56, 58]; [0.6, 0.65]: 1421 / 2409
[56, 58]; [0.65, 0.7]: 1450 / 2547
[56, 58]; [0.7, 0.75]: 1455 / 2482
[56, 58]; [0.75, 0.8]: 1434 / 2341
[56, 58]; [0.8, 0.85]: 245 / 389
[56, 58]; [0.85, 0.9]: 0 / 0
[56, 58]; [0.9, 0.95]: 0 / 0
[56, 58]; [0.95, 1]: 0 / 0

[58, 60]; [-1, -0.95]: 0 / 0
[58, 60]; [-0.95, -0.9]: 0 / 0
[58, 60]; [-0.9, -0.85]: 0 / 0
[58, 60]; [-0.85, -0.8]: 318 / 538
[58, 60]; [-0.8, -0.75]: 1215 / 2029
[58, 60]; [-0.75, -0.7]: 1124 / 2096
[58, 60]; [-0.7, -0.65]: 1265 / 2067
[58, 60]; [-0.65, -0.6]: 1164 / 2077
[58, 60]; [-0.6, -0.55]: 1149 / 2080
[58, 60]; [-0.55, -0.5]: 1099 / 2084
[58, 60]; [-0.5, -0.45]: 1129 / 2138
[58, 60]; [-0.45, -0.4]: 1057 / 2032
[58, 60]; [-0.4, -0.35]: 1050 / 1900
[58, 60]; [-0.35, -0.3]: 1034 / 1993
[58, 60]; [-0.3, -0.25]: 1079 / 1959
[58, 60]; [-0.25, -0.2]: 968 / 1977
[58, 60]; [-0.2, -0.15]: 997 / 1894
[58, 60]; [-0.15, -0.1]: 898 / 1889
[58, 60]; [-0.1, -0.05]: 997 / 2074
[58, 60]; [-0.05, 0]: 975 / 2025
[58, 60]; [0, 0.05]: 932 / 1972
[58, 60]; [0.05, 0.1]: 890 / 1952
[58, 60]; [0.1, 0.15]: 964 / 1929
[58, 60]; [0.15, 0.2]: 937 / 1929
[58, 60]; [0.2, 0.25]: 1018 / 1935
[58, 60]; [0.25, 0.3]: 963 / 1935
[58, 60]; [0.3, 0.35]: 1048 / 1963
[58, 60]; [0.35, 0.4]: 1035 / 2060
[58, 60]; [0.4, 0.45]: 1073 / 1971
[58, 60]; [0.45, 0.5]: 1078 / 2009
[58, 60]; [0.5, 0.55]: 1143 / 2124
[58, 60]; [0.55, 0.6]: 1145 / 2035
[58, 60]; [0.6, 0.65]: 1106 / 2116
[58, 60]; [0.65, 0.7]: 1174 / 2012
[58, 60]; [0.7, 0.75]: 1181 / 2130
[58, 60]; [0.75, 0.8]: 1250 / 1978
[58, 60]; [0.8, 0.85]: 329 / 499
[58, 60]; [0.85, 0.9]: 0 / 0
[58, 60]; [0.9, 0.95]: 0 / 0
[58, 60]; [0.95, 1]: 0 / 0

[60, 62]; [-1, -0.95]: 0 / 0
[60, 62]; [-0.95, -0.9]: 0 / 0
[60, 62]; [-0.9, -0.85]: 0 / 0
[60, 62]; [-0.85, -0.8]: 365 / 612
[60, 62]; [-0.8, -0.75]: 990 / 1705
[60, 62]; [-0.75, -0.7]: 1011 / 1769
[60, 62]; [-0.7, -0.65]: 943 / 1760
[60, 62]; [-0.65, -0.6]: 926 / 1746
[60, 62]; [-0.6, -0.55]: 941 / 1683
[60, 62]; [-0.55, -0.5]: 952 / 1723
[60, 62]; [-0.5, -0.45]: 901 / 1735
[60, 62]; [-0.45, -0.4]: 862 / 1693
[60, 62]; [-0.4, -0.35]: 778 / 1651
[60, 62]; [-0.35, -0.3]: 835 / 1641
[60, 62]; [-0.3, -0.25]: 814 / 1537
[60, 62]; [-0.25, -0.2]: 789 / 1643
[60, 62]; [-0.2, -0.15]: 775 / 1582
[60, 62]; [-0.15, -0.1]: 770 / 1630
[60, 62]; [-0.1, -0.05]: 767 / 1621
[60, 62]; [-0.05, 0]: 793 / 1602
[60, 62]; [0, 0.05]: 759 / 1560
[60, 62]; [0.05, 0.1]: 766 / 1636
[60, 62]; [0.1, 0.15]: 819 / 1574
[60, 62]; [0.15, 0.2]: 793 / 1575
[60, 62]; [0.2, 0.25]: 798 / 1654
[60, 62]; [0.25, 0.3]: 790 / 1674
[60, 62]; [0.3, 0.35]: 779 / 1664
[60, 62]; [0.35, 0.4]: 856 / 1694
[60, 62]; [0.4, 0.45]: 877 / 1655
[60, 62]; [0.45, 0.5]: 899 / 1676
[60, 62]; [0.5, 0.55]: 886 / 1684
[60, 62]; [0.55, 0.6]: 971 / 1768
[60, 62]; [0.6, 0.65]: 946 / 1821
[60, 62]; [0.65, 0.7]: 991 / 1707
[60, 62]; [0.7, 0.75]: 1004 / 1818
[60, 62]; [0.75, 0.8]: 1072 / 1659
[60, 62]; [0.8, 0.85]: 381 / 665
[60, 62]; [0.85, 0.9]: 0 / 0
[60, 62]; [0.9, 0.95]: 0 / 0
[60, 62]; [0.95, 1]: 0 / 0

[62, 64]; [-1, -0.95]: 0 / 0
[62, 64]; [-0.95, -0.9]: 0 / 0
[62, 64]; [-0.9, -0.85]: 0 / 0
[62, 64]; [-0.85, -0.8]: 390 / 718
[62, 64]; [-0.8, -0.75]: 861 / 1462
[62, 64]; [-0.75, -0.7]: 859 / 1444
[62, 64]; [-0.7, -0.65]: 868 / 1403
[62, 64]; [-0.65, -0.6]: 764 / 1463
[62, 64]; [-0.6, -0.55]: 744 / 1411
[62, 64]; [-0.55, -0.5]: 729 / 1451
[62, 64]; [-0.5, -0.45]: 768 / 1442
[62, 64]; [-0.45, -0.4]: 736 / 1418
[62, 64]; [-0.4, -0.35]: 710 / 1408
[62, 64]; [-0.35, -0.3]: 728 / 1329
[62, 64]; [-0.3, -0.25]: 630 / 1264
[62, 64]; [-0.25, -0.2]: 648 / 1349
[62, 64]; [-0.2, -0.15]: 683 / 1312
[62, 64]; [-0.15, -0.1]: 634 / 1370
[62, 64]; [-0.1, -0.05]: 637 / 1387
[62, 64]; [-0.05, 0]: 669 / 1316
[62, 64]; [0, 0.05]: 627 / 1416
[62, 64]; [0.05, 0.1]: 758 / 1350
[62, 64]; [0.1, 0.15]: 669 / 1366
[62, 64]; [0.15, 0.2]: 667 / 1348
[62, 64]; [0.2, 0.25]: 657 / 1353
[62, 64]; [0.25, 0.3]: 701 / 1338
[62, 64]; [0.3, 0.35]: 643 / 1316
[62, 64]; [0.35, 0.4]: 723 / 1394
[62, 64]; [0.4, 0.45]: 719 / 1451
[62, 64]; [0.45, 0.5]: 782 / 1426
[62, 64]; [0.5, 0.55]: 784 / 1480
[62, 64]; [0.55, 0.6]: 783 / 1400
[62, 64]; [0.6, 0.65]: 768 / 1469
[62, 64]; [0.65, 0.7]: 816 / 1451
[62, 64]; [0.7, 0.75]: 858 / 1489
[62, 64]; [0.75, 0.8]: 849 / 1501
[62, 64]; [0.8, 0.85]: 408 / 709
[62, 64]; [0.85, 0.9]: 0 / 0
[62, 64]; [0.9, 0.95]: 0 / 0
[62, 64]; [0.95, 1]: 0 / 0

[64, 66]; [-1, -0.95]: 0 / 0
[64, 66]; [-0.95, -0.9]: 0 / 0
[64, 66]; [-0.9, -0.85]: 0 / 0
[64, 66]; [-0.85, -0.8]: 438 / 662
[64, 66]; [-0.8, -0.75]: 742 / 1265
[64, 66]; [-0.75, -0.7]: 653 / 1311
[64, 66]; [-0.7, -0.65]: 718 / 1231
[64, 66]; [-0.65, -0.6]: 683 / 1157
[64, 66]; [-0.6, -0.55]: 620 / 1187
[64, 66]; [-0.55, -0.5]: 601 / 1182
[64, 66]; [-0.5, -0.45]: 616 / 1183
[64, 66]; [-0.45, -0.4]: 594 / 1203
[64, 66]; [-0.4, -0.35]: 573 / 1144
[64, 66]; [-0.35, -0.3]: 557 / 1166
[64, 66]; [-0.3, -0.25]: 546 / 1149
[64, 66]; [-0.25, -0.2]: 577 / 1122
[64, 66]; [-0.2, -0.15]: 548 / 1091
[64, 66]; [-0.15, -0.1]: 506 / 1124
[64, 66]; [-0.1, -0.05]: 535 / 1111
[64, 66]; [-0.05, 0]: 545 / 1140
[64, 66]; [0, 0.05]: 521 / 1112
[64, 66]; [0.05, 0.1]: 505 / 1147
[64, 66]; [0.1, 0.15]: 538 / 1094
[64, 66]; [0.15, 0.2]: 557 / 1094
[64, 66]; [0.2, 0.25]: 579 / 1085
[64, 66]; [0.25, 0.3]: 579 / 1143
[64, 66]; [0.3, 0.35]: 607 / 1150
[64, 66]; [0.35, 0.4]: 573 / 1124
[64, 66]; [0.4, 0.45]: 620 / 1197
[64, 66]; [0.45, 0.5]: 670 / 1264
[64, 66]; [0.5, 0.55]: 627 / 1260
[64, 66]; [0.55, 0.6]: 652 / 1211
[64, 66]; [0.6, 0.65]: 632 / 1222
[64, 66]; [0.65, 0.7]: 705 / 1274
[64, 66]; [0.7, 0.75]: 712 / 1207
[64, 66]; [0.75, 0.8]: 743 / 1223
[64, 66]; [0.8, 0.85]: 473 / 655
[64, 66]; [0.85, 0.9]: 0 / 0
[64, 66]; [0.9, 0.95]: 0 / 0
[64, 66]; [0.95, 1]: 0 / 0

[66, 68]; [-1, -0.95]: 0 / 0
[66, 68]; [-0.95, -0.9]: 0 / 0
[66, 68]; [-0.9, -0.85]: 3 / 3
[66, 68]; [-0.85, -0.8]: 436 / 737
[66, 68]; [-0.8, -0.75]: 616 / 1033
[66, 68]; [-0.75, -0.7]: 575 / 1058
[66, 68]; [-0.7, -0.65]: 590 / 1024
[66, 68]; [-0.65, -0.6]: 542 / 1003
[66, 68]; [-0.6, -0.55]: 540 / 1096
[66, 68]; [-0.55, -0.5]: 527 / 1029
[66, 68]; [-0.5, -0.45]: 527 / 1018
[66, 68]; [-0.45, -0.4]: 538 / 991
[66, 68]; [-0.4, -0.35]: 478 / 1004
[66, 68]; [-0.35, -0.3]: 461 / 919
[66, 68]; [-0.3, -0.25]: 488 / 967
[66, 68]; [-0.25, -0.2]: 479 / 975
[66, 68]; [-0.2, -0.15]: 432 / 968
[66, 68]; [-0.15, -0.1]: 462 / 965
[66, 68]; [-0.1, -0.05]: 473 / 923
[66, 68]; [-0.05, 0]: 428 / 980
[66, 68]; [0, 0.05]: 453 / 930
[66, 68]; [0.05, 0.1]: 425 / 938
[66, 68]; [0.1, 0.15]: 483 / 929
[66, 68]; [0.15, 0.2]: 457 / 928
[66, 68]; [0.2, 0.25]: 444 / 988
[66, 68]; [0.25, 0.3]: 486 / 968
[66, 68]; [0.3, 0.35]: 455 / 1012
[66, 68]; [0.35, 0.4]: 509 / 997
[66, 68]; [0.4, 0.45]: 501 / 1005
[66, 68]; [0.45, 0.5]: 484 / 986
[66, 68]; [0.5, 0.55]: 513 / 1016
[66, 68]; [0.55, 0.6]: 583 / 1001
[66, 68]; [0.6, 0.65]: 531 / 1068
[66, 68]; [0.65, 0.7]: 627 / 999
[66, 68]; [0.7, 0.75]: 609 / 1011
[66, 68]; [0.75, 0.8]: 588 / 1112
[66, 68]; [0.8, 0.85]: 444 / 738
[66, 68]; [0.85, 0.9]: 0 / 2
[66, 68]; [0.9, 0.95]: 0 / 0
[66, 68]; [0.95, 1]: 0 / 0

[68, 70]; [-1, -0.95]: 0 / 0
[68, 70]; [-0.95, -0.9]: 0 / 0
[68, 70]; [-0.9, -0.85]: 4 / 8
[68, 70]; [-0.85, -0.8]: 399 / 699
[68, 70]; [-0.8, -0.75]: 527 / 873
[68, 70]; [-0.75, -0.7]: 522 / 882
[68, 70]; [-0.7, -0.65]: 455 / 884
[68, 70]; [-0.65, -0.6]: 453 / 885
[68, 70]; [-0.6, -0.55]: 469 / 887
[68, 70]; [-0.55, -0.5]: 462 / 921
[68, 70]; [-0.5, -0.45]: 443 / 857
[68, 70]; [-0.45, -0.4]: 408 / 840
[68, 70]; [-0.4, -0.35]: 437 / 823
[68, 70]; [-0.35, -0.3]: 366 / 765
[68, 70]; [-0.3, -0.25]: 418 / 775
[68, 70]; [-0.25, -0.2]: 373 / 799
[68, 70]; [-0.2, -0.15]: 362 / 832
[68, 70]; [-0.15, -0.1]: 374 / 810
[68, 70]; [-0.1, -0.05]: 346 / 788
[68, 70]; [-0.05, 0]: 343 / 812
[68, 70]; [0, 0.05]: 350 / 832
[68, 70]; [0.05, 0.1]: 373 / 787
[68, 70]; [0.1, 0.15]: 398 / 742
[68, 70]; [0.15, 0.2]: 375 / 809
[68, 70]; [0.2, 0.25]: 404 / 828
[68, 70]; [0.25, 0.3]: 382 / 784
[68, 70]; [0.3, 0.35]: 416 / 859
[68, 70]; [0.35, 0.4]: 408 / 814
[68, 70]; [0.4, 0.45]: 437 / 838
[68, 70]; [0.45, 0.5]: 448 / 791
[68, 70]; [0.5, 0.55]: 490 / 896
[68, 70]; [0.55, 0.6]: 515 / 898
[68, 70]; [0.6, 0.65]: 445 / 850
[68, 70]; [0.65, 0.7]: 479 / 852
[68, 70]; [0.7, 0.75]: 496 / 863
[68, 70]; [0.75, 0.8]: 546 / 884
[68, 70]; [0.8, 0.85]: 433 / 740
[68, 70]; [0.85, 0.9]: 11 / 13
[68, 70]; [0.9, 0.95]: 0 / 0
[68, 70]; [0.95, 1]: 0 / 0

[70, 72]; [-1, -0.95]: 0 / 0
[70, 72]; [-0.95, -0.9]: 0 / 0
[70, 72]; [-0.9, -0.85]: 14 / 17
[70, 72]; [-0.85, -0.8]: 396 / 635
[70, 72]; [-0.8, -0.75]: 440 / 774
[70, 72]; [-0.75, -0.7]: 406 / 826
[70, 72]; [-0.7, -0.65]: 415 / 704
[70, 72]; [-0.65, -0.6]: 433 / 730
[70, 72]; [-0.6, -0.55]: 425 / 775
[70, 72]; [-0.55, -0.5]: 352 / 798
[70, 72]; [-0.5, -0.45]: 391 / 689
[70, 72]; [-0.45, -0.4]: 357 / 720
[70, 72]; [-0.4, -0.35]: 332 / 674
[70, 72]; [-0.35, -0.3]: 303 / 671
[70, 72]; [-0.3, -0.25]: 351 / 686
[70, 72]; [-0.25, -0.2]: 322 / 638
[70, 72]; [-0.2, -0.15]: 313 / 672
[70, 72]; [-0.15, -0.1]: 301 / 720
[70, 72]; [-0.1, -0.05]: 293 / 683
[70, 72]; [-0.05, 0]: 322 / 678
[70, 72]; [0, 0.05]: 293 / 652
[70, 72]; [0.05, 0.1]: 317 / 702
[70, 72]; [0.1, 0.15]: 316 / 668
[70, 72]; [0.15, 0.2]: 310 / 718
[70, 72]; [0.2, 0.25]: 326 / 660
[70, 72]; [0.25, 0.3]: 347 / 670
[70, 72]; [0.3, 0.35]: 356 / 672
[70, 72]; [0.35, 0.4]: 348 / 759
[70, 72]; [0.4, 0.45]: 383 / 743
[70, 72]; [0.45, 0.5]: 379 / 717
[70, 72]; [0.5, 0.55]: 365 / 731
[70, 72]; [0.55, 0.6]: 392 / 759
[70, 72]; [0.6, 0.65]: 407 / 699
[70, 72]; [0.65, 0.7]: 444 / 793
[70, 72]; [0.7, 0.75]: 382 / 717
[70, 72]; [0.75, 0.8]: 449 / 774
[70, 72]; [0.8, 0.85]: 431 / 633
[70, 72]; [0.85, 0.9]: 16 / 25
[70, 72]; [0.9, 0.95]: 0 / 0
[70, 72]; [0.95, 1]: 0 / 0

[72, 74]; [-1, -0.95]: 0 / 0
[72, 74]; [-0.95, -0.9]: 0 / 0
[72, 74]; [-0.9, -0.85]: 28 / 43
[72, 74]; [-0.85, -0.8]: 346 / 599
[72, 74]; [-0.8, -0.75]: 374 / 707
[72, 74]; [-0.75, -0.7]: 363 / 637
[72, 74]; [-0.7, -0.65]: 349 / 689
[72, 74]; [-0.65, -0.6]: 338 / 686
[72, 74]; [-0.6, -0.55]: 326 / 659
[72, 74]; [-0.55, -0.5]: 329 / 615
[72, 74]; [-0.5, -0.45]: 283 / 630
[72, 74]; [-0.45, -0.4]: 292 / 601
[72, 74]; [-0.4, -0.35]: 292 / 579
[72, 74]; [-0.35, -0.3]: 311 / 572
[72, 74]; [-0.3, -0.25]: 275 / 565
[72, 74]; [-0.25, -0.2]: 293 / 546
[72, 74]; [-0.2, -0.15]: 302 / 603
[72, 74]; [-0.15, -0.1]: 267 / 597
[72, 74]; [-0.1, -0.05]: 290 / 604
[72, 74]; [-0.05, 0]: 275 / 594
[72, 74]; [0, 0.05]: 293 / 571
[72, 74]; [0.05, 0.1]: 275 / 571
[72, 74]; [0.1, 0.15]: 256 / 545
[72, 74]; [0.15, 0.2]: 261 / 548
[72, 74]; [0.2, 0.25]: 314 / 560
[72, 74]; [0.25, 0.3]: 277 / 564
[72, 74]; [0.3, 0.35]: 248 / 576
[72, 74]; [0.35, 0.4]: 298 / 619
[72, 74]; [0.4, 0.45]: 293 / 614
[72, 74]; [0.45, 0.5]: 315 / 603
[72, 74]; [0.5, 0.55]: 348 / 660
[72, 74]; [0.55, 0.6]: 357 / 648
[72, 74]; [0.6, 0.65]: 345 / 623
[72, 74]; [0.65, 0.7]: 375 / 665
[72, 74]; [0.7, 0.75]: 361 / 628
[72, 74]; [0.75, 0.8]: 372 / 675
[72, 74]; [0.8, 0.85]: 376 / 603
[72, 74]; [0.85, 0.9]: 21 / 30
[72, 74]; [0.9, 0.95]: 0 / 0
[72, 74]; [0.95, 1]: 0 / 0

[74, 76]; [-1, -0.95]: 0 / 0
[74, 76]; [-0.95, -0.9]: 0 / 0
[74, 76]; [-0.9, -0.85]: 25 / 40
[74, 76]; [-0.85, -0.8]: 301 / 532
[74, 76]; [-0.8, -0.75]: 302 / 543
[74, 76]; [-0.75, -0.7]: 298 / 592
[74, 76]; [-0.7, -0.65]: 321 / 549
[74, 76]; [-0.65, -0.6]: 301 / 522
[74, 76]; [-0.6, -0.55]: 263 / 552
[74, 76]; [-0.55, -0.5]: 282 / 558
[74, 76]; [-0.5, -0.45]: 274 / 527
[74, 76]; [-0.45, -0.4]: 255 / 527
[74, 76]; [-0.4, -0.35]: 255 / 518
[74, 76]; [-0.35, -0.3]: 262 / 533
[74, 76]; [-0.3, -0.25]: 230 / 444
[74, 76]; [-0.25, -0.2]: 232 / 470
[74, 76]; [-0.2, -0.15]: 214 / 453
[74, 76]; [-0.15, -0.1]: 256 / 472
[74, 76]; [-0.1, -0.05]: 236 / 478
[74, 76]; [-0.05, 0]: 248 / 540
[74, 76]; [0, 0.05]: 244 / 506
[74, 76]; [0.05, 0.1]: 226 / 474
[74, 76]; [0.1, 0.15]: 209 / 495
[74, 76]; [0.15, 0.2]: 228 / 522
[74, 76]; [0.2, 0.25]: 225 / 462
[74, 76]; [0.25, 0.3]: 256 / 492
[74, 76]; [0.3, 0.35]: 241 / 529
[74, 76]; [0.35, 0.4]: 245 / 475
[74, 76]; [0.4, 0.45]: 273 / 548
[74, 76]; [0.45, 0.5]: 277 / 552
[74, 76]; [0.5, 0.55]: 285 / 548
[74, 76]; [0.55, 0.6]: 290 / 562
[74, 76]; [0.6, 0.65]: 290 / 564
[74, 76]; [0.65, 0.7]: 315 / 561
[74, 76]; [0.7, 0.75]: 338 / 520
[74, 76]; [0.75, 0.8]: 301 / 534
[74, 76]; [0.8, 0.85]: 342 / 571
[74, 76]; [0.85, 0.9]: 27 / 61
[74, 76]; [0.9, 0.95]: 0 / 0
[74, 76]; [0.95, 1]: 0 / 0

[76, 78]; [-1, -0.95]: 0 / 0
[76, 78]; [-0.95, -0.9]: 0 / 0
[76, 78]; [-0.9, -0.85]: 53 / 79
[76, 78]; [-0.85, -0.8]: 276 / 482
[76, 78]; [-0.8, -0.75]: 257 / 473
[76, 78]; [-0.75, -0.7]: 279 / 503
[76, 78]; [-0.7, -0.65]: 252 / 495
[76, 78]; [-0.65, -0.6]: 247 / 457
[76, 78]; [-0.6, -0.55]: 213 / 502
[76, 78]; [-0.55, -0.5]: 241 / 463
[76, 78]; [-0.5, -0.45]: 223 / 439
[76, 78]; [-0.45, -0.4]: 199 / 451
[76, 78]; [-0.4, -0.35]: 258 / 432
[76, 78]; [-0.35, -0.3]: 212 / 473
[76, 78]; [-0.3, -0.25]: 186 / 426
[76, 78]; [-0.25, -0.2]: 199 / 459
[76, 78]; [-0.2, -0.15]: 192 / 407
[76, 78]; [-0.15, -0.1]: 186 / 428
[76, 78]; [-0.1, -0.05]: 200 / 397
[76, 78]; [-0.05, 0]: 194 / 448
[76, 78]; [0, 0.05]: 199 / 444
[76, 78]; [0.05, 0.1]: 206 / 431
[76, 78]; [0.1, 0.15]: 201 / 422
[76, 78]; [0.15, 0.2]: 211 / 426
[76, 78]; [0.2, 0.25]: 197 / 435
[76, 78]; [0.25, 0.3]: 203 / 415
[76, 78]; [0.3, 0.35]: 210 / 414
[76, 78]; [0.35, 0.4]: 223 / 453
[76, 78]; [0.4, 0.45]: 208 / 408
[76, 78]; [0.45, 0.5]: 208 / 436
[76, 78]; [0.5, 0.55]: 247 / 429
[76, 78]; [0.55, 0.6]: 240 / 507
[76, 78]; [0.6, 0.65]: 271 / 440
[76, 78]; [0.65, 0.7]: 283 / 515
[76, 78]; [0.7, 0.75]: 255 / 494
[76, 78]; [0.75, 0.8]: 300 / 485
[76, 78]; [0.8, 0.85]: 274 / 470
[76, 78]; [0.85, 0.9]: 41 / 73
[76, 78]; [0.9, 0.95]: 0 / 0
[76, 78]; [0.95, 1]: 0 / 0

[78, 80]; [-1, -0.95]: 0 / 0
[78, 80]; [-0.95, -0.9]: 0 / 0
[78, 80]; [-0.9, -0.85]: 43 / 95
[78, 80]; [-0.85, -0.8]: 237 / 418
[78, 80]; [-0.8, -0.75]: 252 / 426
[78, 80]; [-0.75, -0.7]: 195 / 424
[78, 80]; [-0.7, -0.65]: 217 / 415
[78, 80]; [-0.65, -0.6]: 216 / 407
[78, 80]; [-0.6, -0.55]: 214 / 370
[78, 80]; [-0.55, -0.5]: 190 / 416
[78, 80]; [-0.5, -0.45]: 188 / 379
[78, 80]; [-0.45, -0.4]: 190 / 386
[78, 80]; [-0.4, -0.35]: 195 / 369
[78, 80]; [-0.35, -0.3]: 193 / 378
[78, 80]; [-0.3, -0.25]: 169 / 370
[78, 80]; [-0.25, -0.2]: 164 / 364
[78, 80]; [-0.2, -0.15]: 143 / 334
[78, 80]; [-0.15, -0.1]: 165 / 376
[78, 80]; [-0.1, -0.05]: 165 / 375
[78, 80]; [-0.05, 0]: 165 / 402
[78, 80]; [0, 0.05]: 172 / 380
[78, 80]; [0.05, 0.1]: 192 / 394
[78, 80]; [0.1, 0.15]: 177 / 388
[78, 80]; [0.15, 0.2]: 161 / 355
[78, 80]; [0.2, 0.25]: 168 / 340
[78, 80]; [0.25, 0.3]: 171 / 380
[78, 80]; [0.3, 0.35]: 195 / 356
[78, 80]; [0.35, 0.4]: 189 / 394
[78, 80]; [0.4, 0.45]: 199 / 342
[78, 80]; [0.45, 0.5]: 181 / 384
[78, 80]; [0.5, 0.55]: 208 / 389
[78, 80]; [0.55, 0.6]: 193 / 393
[78, 80]; [0.6, 0.65]: 223 / 410
[78, 80]; [0.65, 0.7]: 221 / 349
[78, 80]; [0.7, 0.75]: 251 / 424
[78, 80]; [0.75, 0.8]: 225 / 438
[78, 80]; [0.8, 0.85]: 250 / 386
[78, 80]; [0.85, 0.9]: 50 / 88
[78, 80]; [0.9, 0.95]: 0 / 0
[78, 80]; [0.95, 1]: 0 / 0

[80, 82]; [-1, -0.95]: 0 / 0
[80, 82]; [-0.95, -0.9]: 0 / 0
[80, 82]; [-0.9, -0.85]: 50 / 107
[80, 82]; [-0.85, -0.8]: 200 / 355
[80, 82]; [-0.8, -0.75]: 209 / 364
[80, 82]; [-0.75, -0.7]: 200 / 356
[80, 82]; [-0.7, -0.65]: 168 / 321
[80, 82]; [-0.65, -0.6]: 196 / 352
[80, 82]; [-0.6, -0.55]: 156 / 381
[80, 82]; [-0.55, -0.5]: 156 / 360
[80, 82]; [-0.5, -0.45]: 184 / 339
[80, 82]; [-0.45, -0.4]: 175 / 333
[80, 82]; [-0.4, -0.35]: 152 / 319
[80, 82]; [-0.35, -0.3]: 131 / 337
[80, 82]; [-0.3, -0.25]: 134 / 371
[80, 82]; [-0.25, -0.2]: 140 / 298
[80, 82]; [-0.2, -0.15]: 154 / 322
[80, 82]; [-0.15, -0.1]: 151 / 302
[80, 82]; [-0.1, -0.05]: 163 / 335
[80, 82]; [-0.05, 0]: 140 / 343
[80, 82]; [0, 0.05]: 133 / 316
[80, 82]; [0.05, 0.1]: 135 / 309
[80, 82]; [0.1, 0.15]: 175 / 285
[80, 82]; [0.15, 0.2]: 149 / 311
[80, 82]; [0.2, 0.25]: 142 / 318
[80, 82]; [0.25, 0.3]: 150 / 321
[80, 82]; [0.3, 0.35]: 142 / 324
[80, 82]; [0.35, 0.4]: 185 / 294
[80, 82]; [0.4, 0.45]: 151 / 343
[80, 82]; [0.45, 0.5]: 177 / 343
[80, 82]; [0.5, 0.55]: 157 / 340
[80, 82]; [0.55, 0.6]: 178 / 370
[80, 82]; [0.6, 0.65]: 188 / 363
[80, 82]; [0.65, 0.7]: 210 / 320
[80, 82]; [0.7, 0.75]: 179 / 375
[80, 82]; [0.75, 0.8]: 239 / 378
[80, 82]; [0.8, 0.85]: 200 / 374
[80, 82]; [0.85, 0.9]: 59 / 85
[80, 82]; [0.9, 0.95]: 0 / 0
[80, 82]; [0.95, 1]: 0 / 0

[82, 84]; [-1, -0.95]: 0 / 0
[82, 84]; [-0.95, -0.9]: 0 / 0
[82, 84]; [-0.9, -0.85]: 58 / 112
[82, 84]; [-0.85, -0.8]: 165 / 333
[82, 84]; [-0.8, -0.75]: 190 / 289
[82, 84]; [-0.75, -0.7]: 190 / 324
[82, 84]; [-0.7, -0.65]: 177 / 337
[82, 84]; [-0.65, -0.6]: 165 / 326
[82, 84]; [-0.6, -0.55]: 160 / 346
[82, 84]; [-0.55, -0.5]: 136 / 300
[82, 84]; [-0.5, -0.45]: 138 / 289
[82, 84]; [-0.45, -0.4]: 143 / 302
[82, 84]; [-0.4, -0.35]: 154 / 272
[82, 84]; [-0.35, -0.3]: 165 / 247
[82, 84]; [-0.3, -0.25]: 120 / 295
[82, 84]; [-0.25, -0.2]: 158 / 251
[82, 84]; [-0.2, -0.15]: 127 / 289
[82, 84]; [-0.15, -0.1]: 141 / 265
[82, 84]; [-0.1, -0.05]: 148 / 285
[82, 84]; [-0.05, 0]: 138 / 267
[82, 84]; [0, 0.05]: 140 / 293
[82, 84]; [0.05, 0.1]: 142 / 269
[82, 84]; [0.1, 0.15]: 120 / 276
[82, 84]; [0.15, 0.2]: 102 / 285
[82, 84]; [0.2, 0.25]: 137 / 265
[82, 84]; [0.25, 0.3]: 118 / 276
[82, 84]; [0.3, 0.35]: 119 / 286
[82, 84]; [0.35, 0.4]: 144 / 264
[82, 84]; [0.4, 0.45]: 135 / 285
[82, 84]; [0.45, 0.5]: 140 / 296
[82, 84]; [0.5, 0.55]: 123 / 272
[82, 84]; [0.55, 0.6]: 139 / 304
[82, 84]; [0.6, 0.65]: 156 / 287
[82, 84]; [0.65, 0.7]: 167 / 328
[82, 84]; [0.7, 0.75]: 197 / 357
[82, 84]; [0.75, 0.8]: 204 / 331
[82, 84]; [0.8, 0.85]: 192 / 294
[82, 84]; [0.85, 0.9]: 64 / 97
[82, 84]; [0.9, 0.95]: 0 / 0
[82, 84]; [0.95, 1]: 0 / 0

[84, 86]; [-1, -0.95]: 0 / 0
[84, 86]; [-0.95, -0.9]: 0 / 0
[84, 86]; [-0.9, -0.85]: 49 / 108
[84, 86]; [-0.85, -0.8]: 162 / 271
[84, 86]; [-0.8, -0.75]: 165 / 276
[84, 86]; [-0.75, -0.7]: 132 / 273
[84, 86]; [-0.7, -0.65]: 146 / 267
[84, 86]; [-0.65, -0.6]: 129 / 258
[84, 86]; [-0.6, -0.55]: 153 / 268
[84, 86]; [-0.55, -0.5]: 131 / 277
[84, 86]; [-0.5, -0.45]: 121 / 259
[84, 86]; [-0.45, -0.4]: 133 / 254
[84, 86]; [-0.4, -0.35]: 107 / 242
[84, 86]; [-0.35, -0.3]: 120 / 244
[84, 86]; [-0.3, -0.25]: 127 / 226
[84, 86]; [-0.25, -0.2]: 95 / 248
[84, 86]; [-0.2, -0.15]: 117 / 231
[84, 86]; [-0.15, -0.1]: 139 / 281
[84, 86]; [-0.1, -0.05]: 122 / 254
[84, 86]; [-0.05, 0]: 133 / 237
[84, 86]; [0, 0.05]: 114 / 255
[84, 86]; [0.05, 0.1]: 112 / 241
[84, 86]; [0.1, 0.15]: 101 / 231
[84, 86]; [0.15, 0.2]: 107 / 220
[84, 86]; [0.2, 0.25]: 117 / 207
[84, 86]; [0.25, 0.3]: 112 / 269
[84, 86]; [0.3, 0.35]: 130 / 244
[84, 86]; [0.35, 0.4]: 132 / 236
[84, 86]; [0.4, 0.45]: 133 / 227
[84, 86]; [0.45, 0.5]: 118 / 269
[84, 86]; [0.5, 0.55]: 137 / 234
[84, 86]; [0.55, 0.6]: 156 / 263
[84, 86]; [0.6, 0.65]: 135 / 268
[84, 86]; [0.65, 0.7]: 151 / 303
[84, 86]; [0.7, 0.75]: 137 / 278
[84, 86]; [0.75, 0.8]: 170 / 289
[84, 86]; [0.8, 0.85]: 158 / 250
[84, 86]; [0.85, 0.9]: 77 / 105
[84, 86]; [0.9, 0.95]: 0 / 0
[84, 86]; [0.95, 1]: 0 / 0

[86, 88]; [-1, -0.95]: 0 / 0
[86, 88]; [-0.95, -0.9]: 0 / 0
[86, 88]; [-0.9, -0.85]: 79 / 126
[86, 88]; [-0.85, -0.8]: 132 / 249
[86, 88]; [-0.8, -0.75]: 126 / 233
[86, 88]; [-0.75, -0.7]: 124 / 250
[86, 88]; [-0.7, -0.65]: 132 / 256
[86, 88]; [-0.65, -0.6]: 112 / 241
[86, 88]; [-0.6, -0.55]: 127 / 242
[86, 88]; [-0.55, -0.5]: 129 / 221
[86, 88]; [-0.5, -0.45]: 100 / 194
[86, 88]; [-0.45, -0.4]: 104 / 215
[86, 88]; [-0.4, -0.35]: 88 / 211
[86, 88]; [-0.35, -0.3]: 102 / 218
[86, 88]; [-0.3, -0.25]: 85 / 243
[86, 88]; [-0.25, -0.2]: 78 / 239
[86, 88]; [-0.2, -0.15]: 95 / 183
[86, 88]; [-0.15, -0.1]: 119 / 235
[86, 88]; [-0.1, -0.05]: 98 / 199
[86, 88]; [-0.05, 0]: 123 / 209
[86, 88]; [0, 0.05]: 89 / 209
[86, 88]; [0.05, 0.1]: 98 / 221
[86, 88]; [0.1, 0.15]: 93 / 222
[86, 88]; [0.15, 0.2]: 99 / 208
[86, 88]; [0.2, 0.25]: 105 / 203
[86, 88]; [0.25, 0.3]: 116 / 207
[86, 88]; [0.3, 0.35]: 89 / 194
[86, 88]; [0.35, 0.4]: 115 / 206
[86, 88]; [0.4, 0.45]: 121 / 229
[86, 88]; [0.45, 0.5]: 110 / 214
[86, 88]; [0.5, 0.55]: 90 / 235
[86, 88]; [0.55, 0.6]: 107 / 226
[86, 88]; [0.6, 0.65]: 113 / 240
[86, 88]; [0.65, 0.7]: 141 / 239
[86, 88]; [0.7, 0.75]: 119 / 228
[86, 88]; [0.75, 0.8]: 153 / 222
[86, 88]; [0.8, 0.85]: 126 / 277
[86, 88]; [0.85, 0.9]: 59 / 107
[86, 88]; [0.9, 0.95]: 0 / 0
[86, 88]; [0.95, 1]: 0 / 0

[88, 90]; [-1, -0.95]: 0 / 0
[88, 90]; [-0.95, -0.9]: 0 / 0
[88, 90]; [-0.9, -0.85]: 61 / 124
[88, 90]; [-0.85, -0.8]: 130 / 220
[88, 90]; [-0.8, -0.75]: 143 / 231
[88, 90]; [-0.75, -0.7]: 123 / 213
[88, 90]; [-0.7, -0.65]: 119 / 239
[88, 90]; [-0.65, -0.6]: 95 / 203
[88, 90]; [-0.6, -0.55]: 102 / 206
[88, 90]; [-0.55, -0.5]: 115 / 172
[88, 90]; [-0.5, -0.45]: 96 / 179
[88, 90]; [-0.45, -0.4]: 91 / 160
[88, 90]; [-0.4, -0.35]: 84 / 192
[88, 90]; [-0.35, -0.3]: 79 / 176
[88, 90]; [-0.3, -0.25]: 86 / 190
[88, 90]; [-0.25, -0.2]: 87 / 180
[88, 90]; [-0.2, -0.15]: 101 / 180
[88, 90]; [-0.15, -0.1]: 86 / 171
[88, 90]; [-0.1, -0.05]: 77 / 220
[88, 90]; [-0.05, 0]: 64 / 208
[88, 90]; [0, 0.05]: 84 / 173
[88, 90]; [0.05, 0.1]: 83 / 194
[88, 90]; [0.1, 0.15]: 106 / 191
[88, 90]; [0.15, 0.2]: 63 / 181
[88, 90]; [0.2, 0.25]: 94 / 188
[88, 90]; [0.25, 0.3]: 84 / 176
[88, 90]; [0.3, 0.35]: 86 / 173
[88, 90]; [0.35, 0.4]: 80 / 179
[88, 90]; [0.4, 0.45]: 93 / 187
[88, 90]; [0.45, 0.5]: 80 / 188
[88, 90]; [0.5, 0.55]: 116 / 184
[88, 90]; [0.55, 0.6]: 108 / 179
[88, 90]; [0.6, 0.65]: 95 / 195
[88, 90]; [0.65, 0.7]: 113 / 219
[88, 90]; [0.7, 0.75]: 98 / 203
[88, 90]; [0.75, 0.8]: 103 / 208
[88, 90]; [0.8, 0.85]: 137 / 220
[88, 90]; [0.85, 0.9]: 71 / 107
[88, 90]; [0.9, 0.95]: 0 / 0
[88, 90]; [0.95, 1]: 0 / 0

[90, 92]; [-1, -0.95]: 0 / 0
[90, 92]; [-0.95, -0.9]: 0 / 0
[90, 92]; [-0.9, -0.85]: 71 / 132
[90, 92]; [-0.85, -0.8]: 130 / 176
[90, 92]; [-0.8, -0.75]: 106 / 183
[90, 92]; [-0.75, -0.7]: 93 / 184
[90, 92]; [-0.7, -0.65]: 92 / 183
[90, 92]; [-0.65, -0.6]: 90 / 168
[90, 92]; [-0.6, -0.55]: 92 / 172
[90, 92]; [-0.55, -0.5]: 82 / 181
[90, 92]; [-0.5, -0.45]: 80 / 172
[90, 92]; [-0.45, -0.4]: 91 / 146
[90, 92]; [-0.4, -0.35]: 74 / 178
[90, 92]; [-0.35, -0.3]: 89 / 156
[90, 92]; [-0.3, -0.25]: 73 / 165
[90, 92]; [-0.25, -0.2]: 83 / 158
[90, 92]; [-0.2, -0.15]: 77 / 148
[90, 92]; [-0.15, -0.1]: 74 / 162
[90, 92]; [-0.1, -0.05]: 61 / 182
[90, 92]; [-0.05, 0]: 62 / 157
[90, 92]; [0, 0.05]: 83 / 144
[90, 92]; [0.05, 0.1]: 80 / 150
[90, 92]; [0.1, 0.15]: 75 / 164
[90, 92]; [0.15, 0.2]: 72 / 194
[90, 92]; [0.2, 0.25]: 70 / 170
[90, 92]; [0.25, 0.3]: 74 / 157
[90, 92]; [0.3, 0.35]: 80 / 168
[90, 92]; [0.35, 0.4]: 73 / 186
[90, 92]; [0.4, 0.45]: 70 / 157
[90, 92]; [0.45, 0.5]: 89 / 168
[90, 92]; [0.5, 0.55]: 91 / 162
[90, 92]; [0.55, 0.6]: 105 / 188
[90, 92]; [0.6, 0.65]: 96 / 185
[90, 92]; [0.65, 0.7]: 94 / 187
[90, 92]; [0.7, 0.75]: 113 / 205
[90, 92]; [0.75, 0.8]: 119 / 200
[90, 92]; [0.8, 0.85]: 117 / 167
[90, 92]; [0.85, 0.9]: 56 / 112
[90, 92]; [0.9, 0.95]: 0 / 0
[90, 92]; [0.95, 1]: 0 / 0

[92, 94]; [-1, -0.95]: 0 / 0
[92, 94]; [-0.95, -0.9]: 0 / 0
[92, 94]; [-0.9, -0.85]: 65 / 97
[92, 94]; [-0.85, -0.8]: 98 / 158
[92, 94]; [-0.8, -0.75]: 82 / 174
[92, 94]; [-0.75, -0.7]: 92 / 155
[92, 94]; [-0.7, -0.65]: 76 / 156
[92, 94]; [-0.65, -0.6]: 78 / 154
[92, 94]; [-0.6, -0.55]: 66 / 148
[92, 94]; [-0.55, -0.5]: 74 / 143
[92, 94]; [-0.5, -0.45]: 63 / 144
[92, 94]; [-0.45, -0.4]: 64 / 133
[92, 94]; [-0.4, -0.35]: 70 / 138
[92, 94]; [-0.35, -0.3]: 75 / 163
[92, 94]; [-0.3, -0.25]: 79 / 154
[92, 94]; [-0.25, -0.2]: 67 / 139
[92, 94]; [-0.2, -0.15]: 61 / 145
[92, 94]; [-0.15, -0.1]: 64 / 143
[92, 94]; [-0.1, -0.05]: 82 / 132
[92, 94]; [-0.05, 0]: 83 / 163
[92, 94]; [0, 0.05]: 70 / 139
[92, 94]; [0.05, 0.1]: 69 / 146
[92, 94]; [0.1, 0.15]: 57 / 145
[92, 94]; [0.15, 0.2]: 57 / 143
[92, 94]; [0.2, 0.25]: 55 / 166
[92, 94]; [0.25, 0.3]: 68 / 141
[92, 94]; [0.3, 0.35]: 71 / 134
[92, 94]; [0.35, 0.4]: 60 / 139
[92, 94]; [0.4, 0.45]: 68 / 149
[92, 94]; [0.45, 0.5]: 70 / 139
[92, 94]; [0.5, 0.55]: 72 / 163
[92, 94]; [0.55, 0.6]: 63 / 154
[92, 94]; [0.6, 0.65]: 104 / 175
[92, 94]; [0.65, 0.7]: 86 / 143
[92, 94]; [0.7, 0.75]: 98 / 164
[92, 94]; [0.75, 0.8]: 85 / 175
[92, 94]; [0.8, 0.85]: 109 / 159
[92, 94]; [0.85, 0.9]: 59 / 109
[92, 94]; [0.9, 0.95]: 0 / 0
[92, 94]; [0.95, 1]: 0 / 0

[94, 96]; [-1, -0.95]: 0 / 0
[94, 96]; [-0.95, -0.9]: 0 / 0
[94, 96]; [-0.9, -0.85]: 62 / 115
[94, 96]; [-0.85, -0.8]: 80 / 142
[94, 96]; [-0.8, -0.75]: 86 / 119
[94, 96]; [-0.75, -0.7]: 69 / 148
[94, 96]; [-0.7, -0.65]: 91 / 164
[94, 96]; [-0.65, -0.6]: 80 / 147
[94, 96]; [-0.6, -0.55]: 65 / 127
[94, 96]; [-0.55, -0.5]: 81 / 111
[94, 96]; [-0.5, -0.45]: 65 / 153
[94, 96]; [-0.45, -0.4]: 66 / 119
[94, 96]; [-0.4, -0.35]: 67 / 135
[94, 96]; [-0.35, -0.3]: 66 / 125
[94, 96]; [-0.3, -0.25]: 52 / 120
[94, 96]; [-0.25, -0.2]: 54 / 129
[94, 96]; [-0.2, -0.15]: 67 / 146
[94, 96]; [-0.15, -0.1]: 59 / 117
[94, 96]; [-0.1, -0.05]: 53 / 124
[94, 96]; [-0.05, 0]: 56 / 136
[94, 96]; [0, 0.05]: 58 / 136
[94, 96]; [0.05, 0.1]: 57 / 141
[94, 96]; [0.1, 0.15]: 62 / 119
[94, 96]; [0.15, 0.2]: 62 / 117
[94, 96]; [0.2, 0.25]: 60 / 135
[94, 96]; [0.25, 0.3]: 60 / 129
[94, 96]; [0.3, 0.35]: 55 / 113
[94, 96]; [0.35, 0.4]: 60 / 157
[94, 96]; [0.4, 0.45]: 56 / 129
[94, 96]; [0.45, 0.5]: 64 / 118
[94, 96]; [0.5, 0.55]: 53 / 128
[94, 96]; [0.55, 0.6]: 66 / 147
[94, 96]; [0.6, 0.65]: 82 / 144
[94, 96]; [0.65, 0.7]: 85 / 143
[94, 96]; [0.7, 0.75]: 70 / 156
[94, 96]; [0.75, 0.8]: 77 / 157
[94, 96]; [0.8, 0.85]: 69 / 158
[94, 96]; [0.85, 0.9]: 58 / 102
[94, 96]; [0.9, 0.95]: 0 / 0
[94, 96]; [0.95, 1]: 0 / 0

[96, 98]; [-1, -0.95]: 0 / 0
[96, 98]; [-0.95, -0.9]: 0 / 0
[96, 98]; [-0.9, -0.85]: 46 / 84
[96, 98]; [-0.85, -0.8]: 89 / 121
[96, 98]; [-0.8, -0.75]: 75 / 130
[96, 98]; [-0.75, -0.7]: 90 / 148
[96, 98]; [-0.7, -0.65]: 57 / 139
[96, 98]; [-0.65, -0.6]: 63 / 138
[96, 98]; [-0.6, -0.55]: 63 / 121
[96, 98]; [-0.55, -0.5]: 55 / 126
[96, 98]; [-0.5, -0.45]: 57 / 111
[96, 98]; [-0.45, -0.4]: 53 / 126
[96, 98]; [-0.4, -0.35]: 53 / 94
[96, 98]; [-0.35, -0.3]: 56 / 107
[96, 98]; [-0.3, -0.25]: 50 / 115
[96, 98]; [-0.25, -0.2]: 55 / 125
[96, 98]; [-0.2, -0.15]: 58 / 96
[96, 98]; [-0.15, -0.1]: 41 / 126
[96, 98]; [-0.1, -0.05]: 50 / 123
[96, 98]; [-0.05, 0]: 67 / 112
[96, 98]; [0, 0.05]: 58 / 105
[96, 98]; [0.05, 0.1]: 49 / 114
[96, 98]; [0.1, 0.15]: 69 / 129
[96, 98]; [0.15, 0.2]: 57 / 114
[96, 98]; [0.2, 0.25]: 51 / 121
[96, 98]; [0.25, 0.3]: 59 / 100
[96, 98]; [0.3, 0.35]: 68 / 87
[96, 98]; [0.35, 0.4]: 49 / 100
[96, 98]; [0.4, 0.45]: 63 / 128
[96, 98]; [0.45, 0.5]: 53 / 116
[96, 98]; [0.5, 0.55]: 68 / 116
[96, 98]; [0.55, 0.6]: 66 / 110
[96, 98]; [0.6, 0.65]: 72 / 115
[96, 98]; [0.65, 0.7]: 61 / 118
[96, 98]; [0.7, 0.75]: 72 / 118
[96, 98]; [0.75, 0.8]: 73 / 121
[96, 98]; [0.8, 0.85]: 80 / 147
[96, 98]; [0.85, 0.9]: 45 / 89
[96, 98]; [0.9, 0.95]: 0 / 0
[96, 98]; [0.95, 1]: 0 / 0

[98, 100]; [-1, -0.95]: 0 / 0
[98, 100]; [-0.95, -0.9]: 0 / 0
[98, 100]; [-0.9, -0.85]: 53 / 99
[98, 100]; [-0.85, -0.8]: 67 / 122
[98, 100]; [-0.8, -0.75]: 53 / 135
[98, 100]; [-0.75, -0.7]: 72 / 95
[98, 100]; [-0.7, -0.65]: 58 / 114
[98, 100]; [-0.65, -0.6]: 49 / 102
[98, 100]; [-0.6, -0.55]: 52 / 96
[98, 100]; [-0.55, -0.5]: 45 / 91
[98, 100]; [-0.5, -0.45]: 42 / 84
[98, 100]; [-0.45, -0.4]: 46 / 94
[98, 100]; [-0.4, -0.35]: 44 / 112
[98, 100]; [-0.35, -0.3]: 43 / 95
[98, 100]; [-0.3, -0.25]: 51 / 102
[98, 100]; [-0.25, -0.2]: 39 / 108
[98, 100]; [-0.2, -0.15]: 55 / 92
[98, 100]; [-0.15, -0.1]: 37 / 97
[98, 100]; [-0.1, -0.05]: 52 / 107
[98, 100]; [-0.05, 0]: 57 / 91
[98, 100]; [0, 0.05]: 53 / 99
[98, 100]; [0.05, 0.1]: 32 / 100
[98, 100]; [0.1, 0.15]: 42 / 107
[98, 100]; [0.15, 0.2]: 52 / 84
[98, 100]; [0.2, 0.25]: 51 / 95
[98, 100]; [0.25, 0.3]: 45 / 117
[98, 100]; [0.3, 0.35]: 38 / 100
[98, 100]; [0.35, 0.4]: 45 / 119
[98, 100]; [0.4, 0.45]: 42 / 96
[98, 100]; [0.45, 0.5]: 54 / 107
[98, 100]; [0.5, 0.55]: 58 / 100
[98, 100]; [0.55, 0.6]: 49 / 97
[98, 100]; [0.6, 0.65]: 57 / 130
[98, 100]; [0.65, 0.7]: 57 / 116
[98, 100]; [0.7, 0.75]: 61 / 113
[98, 100]; [0.75, 0.8]: 66 / 109
[98, 100]; [0.8, 0.85]: 71 / 102
[98, 100]; [0.85, 0.9]: 58 / 86
[98, 100]; [0.9, 0.95]: 0 / 0
[98, 100]; [0.95, 1]: 0 / 0

[100, 102.5]; [-1, -0.95]: 0 / 0
[100, 102.5]; [-0.95, -0.9]: 0 / 0
[100, 102.5]; [-0.9, -0.85]: 68 / 102
[100, 102.5]; [-0.85, -0.8]: 71 / 127
[100, 102.5]; [-0.8, -0.75]: 67 / 130
[100, 102.5]; [-0.75, -0.7]: 67 / 131
[100, 102.5]; [-0.7, -0.65]: 69 / 124
[100, 102.5]; [-0.65, -0.6]: 53 / 110
[100, 102.5]; [-0.6, -0.55]: 70 / 110
[100, 102.5]; [-0.55, -0.5]: 66 / 103
[100, 102.5]; [-0.5, -0.45]: 53 / 119
[100, 102.5]; [-0.45, -0.4]: 38 / 104
[100, 102.5]; [-0.4, -0.35]: 47 / 112
[100, 102.5]; [-0.35, -0.3]: 49 / 115
[100, 102.5]; [-0.3, -0.25]: 50 / 97
[100, 102.5]; [-0.25, -0.2]: 51 / 120
[100, 102.5]; [-0.2, -0.15]: 44 / 121
[100, 102.5]; [-0.15, -0.1]: 54 / 97
[100, 102.5]; [-0.1, -0.05]: 45 / 116
[100, 102.5]; [-0.05, 0]: 39 / 102
[100, 102.5]; [0, 0.05]: 60 / 127
[100, 102.5]; [0.05, 0.1]: 50 / 106
[100, 102.5]; [0.1, 0.15]: 44 / 129
[100, 102.5]; [0.15, 0.2]: 47 / 102
[100, 102.5]; [0.2, 0.25]: 47 / 103
[100, 102.5]; [0.25, 0.3]: 49 / 102
[100, 102.5]; [0.3, 0.35]: 55 / 92
[100, 102.5]; [0.35, 0.4]: 63 / 103
[100, 102.5]; [0.4, 0.45]: 45 / 111
[100, 102.5]; [0.45, 0.5]: 47 / 110
[100, 102.5]; [0.5, 0.55]: 55 / 141
[100, 102.5]; [0.55, 0.6]: 54 / 105
[100, 102.5]; [0.6, 0.65]: 65 / 92
[100, 102.5]; [0.65, 0.7]: 69 / 123
[100, 102.5]; [0.7, 0.75]: 71 / 122
[100, 102.5]; [0.75, 0.8]: 78 / 138
[100, 102.5]; [0.8, 0.85]: 75 / 124
[100, 102.5]; [0.85, 0.9]: 73 / 113
[100, 102.5]; [0.9, 0.95]: 0 / 0
[100, 102.5]; [0.95, 1]: 0 / 0

[102.5, 105]; [-1, -0.95]: 0 / 0
[102.5, 105]; [-0.95, -0.9]: 0 / 0
[102.5, 105]; [-0.9, -0.85]: 64 / 94
[102.5, 105]; [-0.85, -0.8]: 71 / 115
[102.5, 105]; [-0.8, -0.75]: 66 / 112
[102.5, 105]; [-0.75, -0.7]: 58 / 99
[102.5, 105]; [-0.7, -0.65]: 63 / 105
[102.5, 105]; [-0.65, -0.6]: 47 / 96
[102.5, 105]; [-0.6, -0.55]: 55 / 106
[102.5, 105]; [-0.55, -0.5]: 50 / 107
[102.5, 105]; [-0.5, -0.45]: 55 / 81
[102.5, 105]; [-0.45, -0.4]: 51 / 83
[102.5, 105]; [-0.4, -0.35]: 39 / 117
[102.5, 105]; [-0.35, -0.3]: 41 / 84
[102.5, 105]; [-0.3, -0.25]: 61 / 109
[102.5, 105]; [-0.25, -0.2]: 45 / 111
[102.5, 105]; [-0.2, -0.15]: 41 / 91
[102.5, 105]; [-0.15, -0.1]: 54 / 103
[102.5, 105]; [-0.1, -0.05]: 52 / 89
[102.5, 105]; [-0.05, 0]: 41 / 87
[102.5, 105]; [0, 0.05]: 44 / 95
[102.5, 105]; [0.05, 0.1]: 56 / 87
[102.5, 105]; [0.1, 0.15]: 45 / 92
[102.5, 105]; [0.15, 0.2]: 36 / 85
[102.5, 105]; [0.2, 0.25]: 46 / 81
[102.5, 105]; [0.25, 0.3]: 32 / 93
[102.5, 105]; [0.3, 0.35]: 50 / 89
[102.5, 105]; [0.35, 0.4]: 46 / 109
[102.5, 105]; [0.4, 0.45]: 41 / 89
[102.5, 105]; [0.45, 0.5]: 51 / 100
[102.5, 105]; [0.5, 0.55]: 43 / 99
[102.5, 105]; [0.55, 0.6]: 44 / 90
[102.5, 105]; [0.6, 0.65]: 69 / 107
[102.5, 105]; [0.65, 0.7]: 55 / 105
[102.5, 105]; [0.7, 0.75]: 51 / 119
[102.5, 105]; [0.75, 0.8]: 59 / 85
[102.5, 105]; [0.8, 0.85]: 61 / 103
[102.5, 105]; [0.85, 0.9]: 54 / 84
[102.5, 105]; [0.9, 0.95]: 0 / 0
[102.5, 105]; [0.95, 1]: 0 / 0

[105, 107.5]; [-1, -0.95]: 0 / 0
[105, 107.5]; [-0.95, -0.9]: 1 / 1
[105, 107.5]; [-0.9, -0.85]: 68 / 77
[105, 107.5]; [-0.85, -0.8]: 53 / 91
[105, 107.5]; [-0.8, -0.75]: 57 / 88
[105, 107.5]; [-0.75, -0.7]: 49 / 86
[105, 107.5]; [-0.7, -0.65]: 35 / 94
[105, 107.5]; [-0.65, -0.6]: 45 / 92
[105, 107.5]; [-0.6, -0.55]: 40 / 86
[105, 107.5]; [-0.55, -0.5]: 43 / 91
[105, 107.5]; [-0.5, -0.45]: 38 / 81
[105, 107.5]; [-0.45, -0.4]: 45 / 77
[105, 107.5]; [-0.4, -0.35]: 31 / 80
[105, 107.5]; [-0.35, -0.3]: 39 / 66
[105, 107.5]; [-0.3, -0.25]: 35 / 81
[105, 107.5]; [-0.25, -0.2]: 34 / 81
[105, 107.5]; [-0.2, -0.15]: 33 / 98
[105, 107.5]; [-0.15, -0.1]: 28 / 93
[105, 107.5]; [-0.1, -0.05]: 32 / 78
[105, 107.5]; [-0.05, 0]: 32 / 86
[105, 107.5]; [0, 0.05]: 37 / 79
[105, 107.5]; [0.05, 0.1]: 36 / 73
[105, 107.5]; [0.1, 0.15]: 23 / 96
[105, 107.5]; [0.15, 0.2]: 48 / 79
[105, 107.5]; [0.2, 0.25]: 45 / 77
[105, 107.5]; [0.25, 0.3]: 40 / 80
[105, 107.5]; [0.3, 0.35]: 45 / 79
[105, 107.5]; [0.35, 0.4]: 46 / 85
[105, 107.5]; [0.4, 0.45]: 43 / 71
[105, 107.5]; [0.45, 0.5]: 32 / 93
[105, 107.5]; [0.5, 0.55]: 51 / 82
[105, 107.5]; [0.55, 0.6]: 42 / 71
[105, 107.5]; [0.6, 0.65]: 40 / 99
[105, 107.5]; [0.65, 0.7]: 59 / 85
[105, 107.5]; [0.7, 0.75]: 51 / 92
[105, 107.5]; [0.75, 0.8]: 57 / 77
[105, 107.5]; [0.8, 0.85]: 48 / 102
[105, 107.5]; [0.85, 0.9]: 72 / 83
[105, 107.5]; [0.9, 0.95]: 0 / 3
[105, 107.5]; [0.95, 1]: 0 / 0

[107.5, 110]; [-1, -0.95]: 0 / 0
[107.5, 110]; [-0.95, -0.9]: 1 / 3
[107.5, 110]; [-0.9, -0.85]: 54 / 65
[107.5, 110]; [-0.85, -0.8]: 65 / 69
[107.5, 110]; [-0.8, -0.75]: 47 / 77
[107.5, 110]; [-0.75, -0.7]: 46 / 73
[107.5, 110]; [-0.7, -0.65]: 43 / 74
[107.5, 110]; [-0.65, -0.6]: 35 / 73
[107.5, 110]; [-0.6, -0.55]: 32 / 71
[107.5, 110]; [-0.55, -0.5]: 35 / 82
[107.5, 110]; [-0.5, -0.45]: 34 / 71
[107.5, 110]; [-0.45, -0.4]: 32 / 82
[107.5, 110]; [-0.4, -0.35]: 34 / 87
[107.5, 110]; [-0.35, -0.3]: 27 / 64
[107.5, 110]; [-0.3, -0.25]: 41 / 74
[107.5, 110]; [-0.25, -0.2]: 32 / 59
[107.5, 110]; [-0.2, -0.15]: 27 / 63
[107.5, 110]; [-0.15, -0.1]: 37 / 70
[107.5, 110]; [-0.1, -0.05]: 29 / 65
[107.5, 110]; [-0.05, 0]: 42 / 66
[107.5, 110]; [0, 0.05]: 30 / 64
[107.5, 110]; [0.05, 0.1]: 25 / 84
[107.5, 110]; [0.1, 0.15]: 38 / 62
[107.5, 110]; [0.15, 0.2]: 29 / 66
[107.5, 110]; [0.2, 0.25]: 37 / 71
[107.5, 110]; [0.25, 0.3]: 36 / 60
[107.5, 110]; [0.3, 0.35]: 48 / 73
[107.5, 110]; [0.35, 0.4]: 36 / 67
[107.5, 110]; [0.4, 0.45]: 36 / 75
[107.5, 110]; [0.45, 0.5]: 29 / 70
[107.5, 110]; [0.5, 0.55]: 24 / 74
[107.5, 110]; [0.55, 0.6]: 47 / 85
[107.5, 110]; [0.6, 0.65]: 51 / 76
[107.5, 110]; [0.65, 0.7]: 50 / 86
[107.5, 110]; [0.7, 0.75]: 45 / 86
[107.5, 110]; [0.75, 0.8]: 47 / 71
[107.5, 110]; [0.8, 0.85]: 57 / 80
[107.5, 110]; [0.85, 0.9]: 43 / 77
[107.5, 110]; [0.9, 0.95]: 1 / 4
[107.5, 110]; [0.95, 1]: 0 / 0

[110, 112.5]; [-1, -0.95]: 0 / 0
[110, 112.5]; [-0.95, -0.9]: 2 / 1
[110, 112.5]; [-0.9, -0.85]: 43 / 77
[110, 112.5]; [-0.85, -0.8]: 38 / 65
[110, 112.5]; [-0.8, -0.75]: 45 / 80
[110, 112.5]; [-0.75, -0.7]: 36 / 74
[110, 112.5]; [-0.7, -0.65]: 42 / 66
[110, 112.5]; [-0.65, -0.6]: 34 / 61
[110, 112.5]; [-0.6, -0.55]: 35 / 69
[110, 112.5]; [-0.55, -0.5]: 26 / 64
[110, 112.5]; [-0.5, -0.45]: 32 / 58
[110, 112.5]; [-0.45, -0.4]: 28 / 68
[110, 112.5]; [-0.4, -0.35]: 25 / 49
[110, 112.5]; [-0.35, -0.3]: 29 / 68
[110, 112.5]; [-0.3, -0.25]: 27 / 51
[110, 112.5]; [-0.25, -0.2]: 22 / 57
[110, 112.5]; [-0.2, -0.15]: 26 / 61
[110, 112.5]; [-0.15, -0.1]: 35 / 64
[110, 112.5]; [-0.1, -0.05]: 32 / 68
[110, 112.5]; [-0.05, 0]: 28 / 89
[110, 112.5]; [0, 0.05]: 29 / 65
[110, 112.5]; [0.05, 0.1]: 30 / 50
[110, 112.5]; [0.1, 0.15]: 23 / 63
[110, 112.5]; [0.15, 0.2]: 38 / 59
[110, 112.5]; [0.2, 0.25]: 27 / 69
[110, 112.5]; [0.25, 0.3]: 30 / 59
[110, 112.5]; [0.3, 0.35]: 32 / 61
[110, 112.5]; [0.35, 0.4]: 33 / 73
[110, 112.5]; [0.4, 0.45]: 39 / 80
[110, 112.5]; [0.45, 0.5]: 31 / 62
[110, 112.5]; [0.5, 0.55]: 35 / 70
[110, 112.5]; [0.55, 0.6]: 33 / 53
[110, 112.5]; [0.6, 0.65]: 41 / 67
[110, 112.5]; [0.65, 0.7]: 30 / 70
[110, 112.5]; [0.7, 0.75]: 45 / 67
[110, 112.5]; [0.75, 0.8]: 51 / 71
[110, 112.5]; [0.8, 0.85]: 43 / 92
[110, 112.5]; [0.85, 0.9]: 51 / 76
[110, 112.5]; [0.9, 0.95]: 3 / 3
[110, 112.5]; [0.95, 1]: 0 / 0

[112.5, 115]; [-1, -0.95]: 0 / 0
[112.5, 115]; [-0.95, -0.9]: 7 / 5
[112.5, 115]; [-0.9, -0.85]: 48 / 75
[112.5, 115]; [-0.85, -0.8]: 24 / 63
[112.5, 115]; [-0.8, -0.75]: 31 / 52
[112.5, 115]; [-0.75, -0.7]: 33 / 66
[112.5, 115]; [-0.7, -0.65]: 37 / 48
[112.5, 115]; [-0.65, -0.6]: 27 / 58
[112.5, 115]; [-0.6, -0.55]: 37 / 47
[112.5, 115]; [-0.55, -0.5]: 29 / 57
[112.5, 115]; [-0.5, -0.45]: 29 / 63
[112.5, 115]; [-0.45, -0.4]: 18 / 62
[112.5, 115]; [-0.4, -0.35]: 23 / 51
[112.5, 115]; [-0.35, -0.3]: 23 / 45
[112.5, 115]; [-0.3, -0.25]: 31 / 61
[112.5, 115]; [-0.25, -0.2]: 29 / 46
[112.5, 115]; [-0.2, -0.15]: 25 / 52
[112.5, 115]; [-0.15, -0.1]: 17 / 59
[112.5, 115]; [-0.1, -0.05]: 35 / 59
[112.5, 115]; [-0.05, 0]: 21 / 54
[112.5, 115]; [0, 0.05]: 17 / 44
[112.5, 115]; [0.05, 0.1]: 22 / 53
[112.5, 115]; [0.1, 0.15]: 31 / 52
[112.5, 115]; [0.15, 0.2]: 28 / 54
[112.5, 115]; [0.2, 0.25]: 35 / 56
[112.5, 115]; [0.25, 0.3]: 36 / 56
[112.5, 115]; [0.3, 0.35]: 34 / 42
[112.5, 115]; [0.35, 0.4]: 22 / 52
[112.5, 115]; [0.4, 0.45]: 31 / 58
[112.5, 115]; [0.45, 0.5]: 24 / 49
[112.5, 115]; [0.5, 0.55]: 27 / 40
[112.5, 115]; [0.55, 0.6]: 29 / 53
[112.5, 115]; [0.6, 0.65]: 26 / 55
[112.5, 115]; [0.65, 0.7]: 36 / 60
[112.5, 115]; [0.7, 0.75]: 27 / 56
[112.5, 115]; [0.75, 0.8]: 27 / 58
[112.5, 115]; [0.8, 0.85]: 31 / 65
[112.5, 115]; [0.85, 0.9]: 40 / 68
[112.5, 115]; [0.9, 0.95]: 2 / 7
[112.5, 115]; [0.95, 1]: 0 / 0

[115, 117.5]; [-1, -0.95]: 0 / 0
[115, 117.5]; [-0.95, -0.9]: 7 / 6
[115, 117.5]; [-0.9, -0.85]: 35 / 46
[115, 117.5]; [-0.85, -0.8]: 28 / 49
[115, 117.5]; [-0.8, -0.75]: 36 / 49
[115, 117.5]; [-0.75, -0.7]: 25 / 50
[115, 117.5]; [-0.7, -0.65]: 30 / 40
[115, 117.5]; [-0.65, -0.6]: 28 / 37
[115, 117.5]; [-0.6, -0.55]: 25 / 44
[115, 117.5]; [-0.55, -0.5]: 16 / 58
[115, 117.5]; [-0.5, -0.45]: 22 / 57
[115, 117.5]; [-0.45, -0.4]: 29 / 35
[115, 117.5]; [-0.4, -0.35]: 25 / 59
[115, 117.5]; [-0.35, -0.3]: 16 / 40
[115, 117.5]; [-0.3, -0.25]: 22 / 44
[115, 117.5]; [-0.25, -0.2]: 26 / 53
[115, 117.5]; [-0.2, -0.15]: 27 / 34
[115, 117.5]; [-0.15, -0.1]: 16 / 50
[115, 117.5]; [-0.1, -0.05]: 26 / 47
[115, 117.5]; [-0.05, 0]: 21 / 40
[115, 117.5]; [0, 0.05]: 29 / 47
[115, 117.5]; [0.05, 0.1]: 19 / 43
[115, 117.5]; [0.1, 0.15]: 20 / 42
[115, 117.5]; [0.15, 0.2]: 24 / 51
[115, 117.5]; [0.2, 0.25]: 19 / 48
[115, 117.5]; [0.25, 0.3]: 25 / 40
[115, 117.5]; [0.3, 0.35]: 16 / 56
[115, 117.5]; [0.35, 0.4]: 20 / 41
[115, 117.5]; [0.4, 0.45]: 22 / 48
[115, 117.5]; [0.45, 0.5]: 17 / 51
[115, 117.5]; [0.5, 0.55]: 22 / 52
[115, 117.5]; [0.55, 0.6]: 29 / 61
[115, 117.5]; [0.6, 0.65]: 33 / 55
[115, 117.5]; [0.65, 0.7]: 23 / 49
[115, 117.5]; [0.7, 0.75]: 33 / 50
[115, 117.5]; [0.75, 0.8]: 29 / 45
[115, 117.5]; [0.8, 0.85]: 31 / 47
[115, 117.5]; [0.85, 0.9]: 36 / 65
[115, 117.5]; [0.9, 0.95]: 1 / 8
[115, 117.5]; [0.95, 1]: 0 / 0

[117.5, 120]; [-1, -0.95]: 0 / 0
[117.5, 120]; [-0.95, -0.9]: 5 / 5
[117.5, 120]; [-0.9, -0.85]: 35 / 56
[117.5, 120]; [-0.85, -0.8]: 25 / 43
[117.5, 120]; [-0.8, -0.75]: 35 / 64
[117.5, 120]; [-0.75, -0.7]: 28 / 38
[117.5, 120]; [-0.7, -0.65]: 17 / 42
[117.5, 120]; [-0.65, -0.6]: 30 / 52
[117.5, 120]; [-0.6, -0.55]: 9 / 34
[117.5, 120]; [-0.55, -0.5]: 27 / 58
[117.5, 120]; [-0.5, -0.45]: 22 / 37
[117.5, 120]; [-0.45, -0.4]: 26 / 49
[117.5, 120]; [-0.4, -0.35]: 20 / 49
[117.5, 120]; [-0.35, -0.3]: 23 / 35
[117.5, 120]; [-0.3, -0.25]: 22 / 42
[117.5, 120]; [-0.25, -0.2]: 29 / 32
[117.5, 120]; [-0.2, -0.15]: 18 / 60
[117.5, 120]; [-0.15, -0.1]: 23 / 65
[117.5, 120]; [-0.1, -0.05]: 14 / 36
[117.5, 120]; [-0.05, 0]: 19 / 49
[117.5, 120]; [0, 0.05]: 21 / 38
[117.5, 120]; [0.05, 0.1]: 16 / 34
[117.5, 120]; [0.1, 0.15]: 27 / 39
[117.5, 120]; [0.15, 0.2]: 26 / 28
[117.5, 120]; [0.2, 0.25]: 21 / 58
[117.5, 120]; [0.25, 0.3]: 26 / 29
[117.5, 120]; [0.3, 0.35]: 23 / 43
[117.5, 120]; [0.35, 0.4]: 22 / 43
[117.5, 120]; [0.4, 0.45]: 18 / 29
[117.5, 120]; [0.45, 0.5]: 23 / 51
[117.5, 120]; [0.5, 0.55]: 28 / 41
[117.5, 120]; [0.55, 0.6]: 19 / 50
[117.5, 120]; [0.6, 0.65]: 25 / 51
[117.5, 120]; [0.65, 0.7]: 26 / 45
[117.5, 120]; [0.7, 0.75]: 23 / 39
[117.5, 120]; [0.75, 0.8]: 29 / 49
[117.5, 120]; [0.8, 0.85]: 24 / 40
[117.5, 120]; [0.85, 0.9]: 37 / 51
[117.5, 120]; [0.9, 0.95]: 6 / 9
[117.5, 120]; [0.95, 1]: 0 / 0

[120, 122.5]; [-1, -0.95]: 0 / 0
[120, 122.5]; [-0.95, -0.9]: 8 / 6
[120, 122.5]; [-0.9, -0.85]: 25 / 42
[120, 122.5]; [-0.85, -0.8]: 23 / 49
[120, 122.5]; [-0.8, -0.75]: 28 / 36
[120, 122.5]; [-0.75, -0.7]: 26 / 27
[120, 122.5]; [-0.7, -0.65]: 14 / 47
[120, 122.5]; [-0.65, -0.6]: 20 / 46
[120, 122.5]; [-0.6, -0.55]: 20 / 37
[120, 122.5]; [-0.55, -0.5]: 14 / 39
[120, 122.5]; [-0.5, -0.45]: 19 / 42
[120, 122.5]; [-0.45, -0.4]: 14 / 29
[120, 122.5]; [-0.4, -0.35]: 15 / 43
[120, 122.5]; [-0.35, -0.3]: 20 / 25
[120, 122.5]; [-0.3, -0.25]: 15 / 31
[120, 122.5]; [-0.25, -0.2]: 19 / 40
[120, 122.5]; [-0.2, -0.15]: 15 / 39
[120, 122.5]; [-0.15, -0.1]: 15 / 43
[120, 122.5]; [-0.1, -0.05]: 19 / 43
[120, 122.5]; [-0.05, 0]: 13 / 38
[120, 122.5]; [0, 0.05]: 18 / 34
[120, 122.5]; [0.05, 0.1]: 14 / 29
[120, 122.5]; [0.1, 0.15]: 18 / 39
[120, 122.5]; [0.15, 0.2]: 32 / 29
[120, 122.5]; [0.2, 0.25]: 11 / 36
[120, 122.5]; [0.25, 0.3]: 14 / 41
[120, 122.5]; [0.3, 0.35]: 17 / 40
[120, 122.5]; [0.35, 0.4]: 14 / 29
[120, 122.5]; [0.4, 0.45]: 21 / 35
[120, 122.5]; [0.45, 0.5]: 22 / 41
[120, 122.5]; [0.5, 0.55]: 17 / 47
[120, 122.5]; [0.55, 0.6]: 24 / 30
[120, 122.5]; [0.6, 0.65]: 22 / 40
[120, 122.5]; [0.65, 0.7]: 15 / 40
[120, 122.5]; [0.7, 0.75]: 26 / 35
[120, 122.5]; [0.75, 0.8]: 14 / 31
[120, 122.5]; [0.8, 0.85]: 26 / 36
[120, 122.5]; [0.85, 0.9]: 31 / 40
[120, 122.5]; [0.9, 0.95]: 3 / 8
[120, 122.5]; [0.95, 1]: 0 / 0

[122.5, 125]; [-1, -0.95]: 0 / 0
[122.5, 125]; [-0.95, -0.9]: 4 / 8
[122.5, 125]; [-0.9, -0.85]: 20 / 32
[122.5, 125]; [-0.85, -0.8]: 32 / 31
[122.5, 125]; [-0.8, -0.75]: 24 / 31
[122.5, 125]; [-0.75, -0.7]: 13 / 31
[122.5, 125]; [-0.7, -0.65]: 20 / 31
[122.5, 125]; [-0.65, -0.6]: 22 / 42
[122.5, 125]; [-0.6, -0.55]: 21 / 32
[122.5, 125]; [-0.55, -0.5]: 15 / 40
[122.5, 125]; [-0.5, -0.45]: 15 / 21
[122.5, 125]; [-0.45, -0.4]: 21 / 28
[122.5, 125]; [-0.4, -0.35]: 14 / 40
[122.5, 125]; [-0.35, -0.3]: 12 / 37
[122.5, 125]; [-0.3, -0.25]: 10 / 29
[122.5, 125]; [-0.25, -0.2]: 15 / 28
[122.5, 125]; [-0.2, -0.15]: 15 / 30
[122.5, 125]; [-0.15, -0.1]: 18 / 45
[122.5, 125]; [-0.1, -0.05]: 16 / 30
[122.5, 125]; [-0.05, 0]: 23 / 29
[122.5, 125]; [0, 0.05]: 16 / 25
[122.5, 125]; [0.05, 0.1]: 15 / 30
[122.5, 125]; [0.1, 0.15]: 20 / 36
[122.5, 125]; [0.15, 0.2]: 14 / 38
[122.5, 125]; [0.2, 0.25]: 5 / 22
[122.5, 125]; [0.25, 0.3]: 11 / 35
[122.5, 125]; [0.3, 0.35]: 14 / 35
[122.5, 125]; [0.35, 0.4]: 13 / 28
[122.5, 125]; [0.4, 0.45]: 17 / 28
[122.5, 125]; [0.45, 0.5]: 14 / 30
[122.5, 125]; [0.5, 0.55]: 22 / 37
[122.5, 125]; [0.55, 0.6]: 24 / 30
[122.5, 125]; [0.6, 0.65]: 12 / 35
[122.5, 125]; [0.65, 0.7]: 17 / 30
[122.5, 125]; [0.7, 0.75]: 12 / 38
[122.5, 125]; [0.75, 0.8]: 18 / 25
[122.5, 125]; [0.8, 0.85]: 21 / 31
[122.5, 125]; [0.85, 0.9]: 19 / 28
[122.5, 125]; [0.9, 0.95]: 4 / 8
[122.5, 125]; [0.95, 1]: 0 / 0

[125, 127.5]; [-1, -0.95]: 0 / 0
[125, 127.5]; [-0.95, -0.9]: 4 / 10
[125, 127.5]; [-0.9, -0.85]: 14 / 33
[125, 127.5]; [-0.85, -0.8]: 28 / 31
[125, 127.5]; [-0.8, -0.75]: 26 / 46
[125, 127.5]; [-0.75, -0.7]: 19 / 26
[125, 127.5]; [-0.7, -0.65]: 11 / 27
[125, 127.5]; [-0.65, -0.6]: 15 / 32
[125, 127.5]; [-0.6, -0.55]: 15 / 36
[125, 127.5]; [-0.55, -0.5]: 13 / 27
[125, 127.5]; [-0.5, -0.45]: 11 / 27
[125, 127.5]; [-0.45, -0.4]: 12 / 26
[125, 127.5]; [-0.4, -0.35]: 14 / 27
[125, 127.5]; [-0.35, -0.3]: 11 / 29
[125, 127.5]; [-0.3, -0.25]: 15 / 22
[125, 127.5]; [-0.25, -0.2]: 11 / 33
[125, 127.5]; [-0.2, -0.15]: 15 / 26
[125, 127.5]; [-0.15, -0.1]: 16 / 23
[125, 127.5]; [-0.1, -0.05]: 12 / 31
[125, 127.5]; [-0.05, 0]: 14 / 20
[125, 127.5]; [0, 0.05]: 8 / 17
[125, 127.5]; [0.05, 0.1]: 16 / 19
[125, 127.5]; [0.1, 0.15]: 11 / 29
[125, 127.5]; [0.15, 0.2]: 19 / 33
[125, 127.5]; [0.2, 0.25]: 14 / 29
[125, 127.5]; [0.25, 0.3]: 15 / 32
[125, 127.5]; [0.3, 0.35]: 10 / 23
[125, 127.5]; [0.35, 0.4]: 12 / 25
[125, 127.5]; [0.4, 0.45]: 8 / 29
[125, 127.5]; [0.45, 0.5]: 10 / 36
[125, 127.5]; [0.5, 0.55]: 9 / 29
[125, 127.5]; [0.55, 0.6]: 12 / 25
[125, 127.5]; [0.6, 0.65]: 11 / 23
[125, 127.5]; [0.65, 0.7]: 14 / 29
[125, 127.5]; [0.7, 0.75]: 18 / 29
[125, 127.5]; [0.75, 0.8]: 18 / 32
[125, 127.5]; [0.8, 0.85]: 14 / 31
[125, 127.5]; [0.85, 0.9]: 19 / 24
[125, 127.5]; [0.9, 0.95]: 10 / 4
[125, 127.5]; [0.95, 1]: 0 / 0

[127.5, 130]; [-1, -0.95]: 0 / 0
[127.5, 130]; [-0.95, -0.9]: 7 / 9
[127.5, 130]; [-0.9, -0.85]: 16 / 26
[127.5, 130]; [-0.85, -0.8]: 19 / 27
[127.5, 130]; [-0.8, -0.75]: 20 / 21
[127.5, 130]; [-0.75, -0.7]: 15 / 30
[127.5, 130]; [-0.7, -0.65]: 14 / 24
[127.5, 130]; [-0.65, -0.6]: 15 / 29
[127.5, 130]; [-0.6, -0.55]: 12 / 30
[127.5, 130]; [-0.55, -0.5]: 11 / 26
[127.5, 130]; [-0.5, -0.45]: 15 / 24
[127.5, 130]; [-0.45, -0.4]: 6 / 29
[127.5, 130]; [-0.4, -0.35]: 15 / 24
[127.5, 130]; [-0.35, -0.3]: 14 / 26
[127.5, 130]; [-0.3, -0.25]: 9 / 24
[127.5, 130]; [-0.25, -0.2]: 9 / 23
[127.5, 130]; [-0.2, -0.15]: 18 / 27
[127.5, 130]; [-0.15, -0.1]: 13 / 33
[127.5, 130]; [-0.1, -0.05]: 19 / 23
[127.5, 130]; [-0.05, 0]: 17 / 25
[127.5, 130]; [0, 0.05]: 12 / 21
[127.5, 130]; [0.05, 0.1]: 13 / 26
[127.5, 130]; [0.1, 0.15]: 17 / 22
[127.5, 130]; [0.15, 0.2]: 14 / 28
[127.5, 130]; [0.2, 0.25]: 14 / 33
[127.5, 130]; [0.25, 0.3]: 17 / 22
[127.5, 130]; [0.3, 0.35]: 14 / 20
[127.5, 130]; [0.35, 0.4]: 15 / 26
[127.5, 130]; [0.4, 0.45]: 9 / 24
[127.5, 130]; [0.45, 0.5]: 9 / 33
[127.5, 130]; [0.5, 0.55]: 14 / 30
[127.5, 130]; [0.55, 0.6]: 13 / 26
[127.5, 130]; [0.6, 0.65]: 13 / 22
[127.5, 130]; [0.65, 0.7]: 16 / 30
[127.5, 130]; [0.7, 0.75]: 23 / 20
[127.5, 130]; [0.75, 0.8]: 14 / 33
[127.5, 130]; [0.8, 0.85]: 14 / 28
[127.5, 130]; [0.85, 0.9]: 12 / 24
[127.5, 130]; [0.9, 0.95]: 6 / 14
[127.5, 130]; [0.95, 1]: 0 / 0

[130, 132.5]; [-1, -0.95]: 0 / 0
[130, 132.5]; [-0.95, -0.9]: 6 / 9
[130, 132.5]; [-0.9, -0.85]: 19 / 27
[130, 132.5]; [-0.85, -0.8]: 14 / 23
[130, 132.5]; [-0.8, -0.75]: 17 / 20
[130, 132.5]; [-0.75, -0.7]: 15 / 26
[130, 132.5]; [-0.7, -0.65]: 16 / 18
[130, 132.5]; [-0.65, -0.6]: 14 / 28
[130, 132.5]; [-0.6, -0.55]: 7 / 22
[130, 132.5]; [-0.55, -0.5]: 13 / 21
[130, 132.5]; [-0.5, -0.45]: 16 / 20
[130, 132.5]; [-0.45, -0.4]: 5 / 24
[130, 132.5]; [-0.4, -0.35]: 10 / 24
[130, 132.5]; [-0.35, -0.3]: 6 / 21
[130, 132.5]; [-0.3, -0.25]: 12 / 21
[130, 132.5]; [-0.25, -0.2]: 9 / 26
[130, 132.5]; [-0.2, -0.15]: 8 / 28
[130, 132.5]; [-0.15, -0.1]: 9 / 24
[130, 132.5]; [-0.1, -0.05]: 10 / 17
[130, 132.5]; [-0.05, 0]: 13 / 26
[130, 132.5]; [0, 0.05]: 13 / 18
[130, 132.5]; [0.05, 0.1]: 6 / 26
[130, 132.5]; [0.1, 0.15]: 12 / 15
[130, 132.5]; [0.15, 0.2]: 12 / 17
[130, 132.5]; [0.2, 0.25]: 7 / 13
[130, 132.5]; [0.25, 0.3]: 11 / 23
[130, 132.5]; [0.3, 0.35]: 12 / 32
[130, 132.5]; [0.35, 0.4]: 15 / 21
[130, 132.5]; [0.4, 0.45]: 11 / 22
[130, 132.5]; [0.45, 0.5]: 5 / 23
[130, 132.5]; [0.5, 0.55]: 20 / 23
[130, 132.5]; [0.55, 0.6]: 16 / 31
[130, 132.5]; [0.6, 0.65]: 15 / 24
[130, 132.5]; [0.65, 0.7]: 15 / 15
[130, 132.5]; [0.7, 0.75]: 14 / 26
[130, 132.5]; [0.75, 0.8]: 8 / 33
[130, 132.5]; [0.8, 0.85]: 15 / 17
[130, 132.5]; [0.85, 0.9]: 23 / 15
[130, 132.5]; [0.9, 0.95]: 3 / 9
[130, 132.5]; [0.95, 1]: 0 / 0

[132.5, 135]; [-1, -0.95]: 0 / 0
[132.5, 135]; [-0.95, -0.9]: 7 / 7
[132.5, 135]; [-0.9, -0.85]: 22 / 18
[132.5, 135]; [-0.85, -0.8]: 10 / 20
[132.5, 135]; [-0.8, -0.75]: 16 / 20
[132.5, 135]; [-0.75, -0.7]: 12 / 12
[132.5, 135]; [-0.7, -0.65]: 15 / 28
[132.5, 135]; [-0.65, -0.6]: 12 / 20
[132.5, 135]; [-0.6, -0.55]: 9 / 23
[132.5, 135]; [-0.55, -0.5]: 11 / 17
[132.5, 135]; [-0.5, -0.45]: 13 / 24
[132.5, 135]; [-0.45, -0.4]: 12 / 25
[132.5, 135]; [-0.4, -0.35]: 11 / 20
[132.5, 135]; [-0.35, -0.3]: 6 / 26
[132.5, 135]; [-0.3, -0.25]: 12 / 18
[132.5, 135]; [-0.25, -0.2]: 5 / 17
[132.5, 135]; [-0.2, -0.15]: 10 / 17
[132.5, 135]; [-0.15, -0.1]: 3 / 13
[132.5, 135]; [-0.1, -0.05]: 12 / 21
[132.5, 135]; [-0.05, 0]: 11 / 27
[132.5, 135]; [0, 0.05]: 4 / 25
[132.5, 135]; [0.05, 0.1]: 10 / 13
[132.5, 135]; [0.1, 0.15]: 10 / 20
[132.5, 135]; [0.15, 0.2]: 12 / 27
[132.5, 135]; [0.2, 0.25]: 11 / 14
[132.5, 135]; [0.25, 0.3]: 16 / 22
[132.5, 135]; [0.3, 0.35]: 15 / 22
[132.5, 135]; [0.35, 0.4]: 13 / 22
[132.5, 135]; [0.4, 0.45]: 7 / 19
[132.5, 135]; [0.45, 0.5]: 15 / 17
[132.5, 135]; [0.5, 0.55]: 7 / 24
[132.5, 135]; [0.55, 0.6]: 9 / 13
[132.5, 135]; [0.6, 0.65]: 7 / 21
[132.5, 135]; [0.65, 0.7]: 8 / 21
[132.5, 135]; [0.7, 0.75]: 17 / 23
[132.5, 135]; [0.75, 0.8]: 17 / 24
[132.5, 135]; [0.8, 0.85]: 15 / 18
[132.5, 135]; [0.85, 0.9]: 19 / 19
[132.5, 135]; [0.9, 0.95]: 5 / 10
[132.5, 135]; [0.95, 1]: 0 / 0

[135, 140]; [-1, -0.95]: 0 / 0
[135, 140]; [-0.95, -0.9]: 18 / 11
[135, 140]; [-0.9, -0.85]: 21 / 38
[135, 140]; [-0.85, -0.8]: 21 / 35
[135, 140]; [-0.8, -0.75]: 27 / 31
[135, 140]; [-0.75, -0.7]: 20 / 39
[135, 140]; [-0.7, -0.65]: 16 / 43
[135, 140]; [-0.65, -0.6]: 21 / 30
[135, 140]; [-0.6, -0.55]: 17 / 26
[135, 140]; [-0.55, -0.5]: 18 / 35
[135, 140]; [-0.5, -0.45]: 18 / 33
[135, 140]; [-0.45, -0.4]: 15 / 35
[135, 140]; [-0.4, -0.35]: 17 / 38
[135, 140]; [-0.35, -0.3]: 17 / 46
[135, 140]; [-0.3, -0.25]: 21 / 32
[135, 140]; [-0.25, -0.2]: 23 / 33
[135, 140]; [-0.2, -0.15]: 11 / 26
[135, 140]; [-0.15, -0.1]: 9 / 32
[135, 140]; [-0.1, -0.05]: 15 / 43
[135, 140]; [-0.05, 0]: 18 / 37
[135, 140]; [0, 0.05]: 11 / 28
[135, 140]; [0.05, 0.1]: 20 / 36
[135, 140]; [0.1, 0.15]: 9 / 21
[135, 140]; [0.15, 0.2]: 15 / 32
[135, 140]; [0.2, 0.25]: 8 / 33
[135, 140]; [0.25, 0.3]: 10 / 28
[135, 140]; [0.3, 0.35]: 25 / 24
[135, 140]; [0.35, 0.4]: 18 / 33
[135, 140]; [0.4, 0.45]: 9 / 25
[135, 140]; [0.45, 0.5]: 17 / 35
[135, 140]; [0.5, 0.55]: 24 / 16
[135, 140]; [0.55, 0.6]: 21 / 34
[135, 140]; [0.6, 0.65]: 19 / 34
[135, 140]; [0.65, 0.7]: 20 / 31
[135, 140]; [0.7, 0.75]: 29 / 29
[135, 140]; [0.75, 0.8]: 26 / 39
[135, 140]; [0.8, 0.85]: 24 / 48
[135, 140]; [0.85, 0.9]: 27 / 35
[135, 140]; [0.9, 0.95]: 13 / 11
[135, 140]; [0.95, 1]: 0 / 0

[140, 145]; [-1, -0.95]: 0 / 0
[140, 145]; [-0.95, -0.9]: 11 / 15
[140, 145]; [-0.9, -0.85]: 18 / 26
[140, 145]; [-0.85, -0.8]: 22 / 29
[140, 145]; [-0.8, -0.75]: 20 / 30
[140, 145]; [-0.75, -0.7]: 16 / 28
[140, 145]; [-0.7, -0.65]: 15 / 20
[140, 145]; [-0.65, -0.6]: 18 / 25
[140, 145]; [-0.6, -0.55]: 18 / 40
[140, 145]; [-0.55, -0.5]: 16 / 23
[140, 145]; [-0.5, -0.45]: 14 / 32
[140, 145]; [-0.45, -0.4]: 17 / 26
[140, 145]; [-0.4, -0.35]: 18 / 32
[140, 145]; [-0.35, -0.3]: 14 / 14
[140, 145]; [-0.3, -0.25]: 15 / 28
[140, 145]; [-0.25, -0.2]: 7 / 26
[140, 145]; [-0.2, -0.15]: 7 / 24
[140, 145]; [-0.15, -0.1]: 8 / 31
[140, 145]; [-0.1, -0.05]: 14 / 31
[140, 145]; [-0.05, 0]: 8 / 19
[140, 145]; [0, 0.05]: 11 / 20
[140, 145]; [0.05, 0.1]: 9 / 27
[140, 145]; [0.1, 0.15]: 15 / 20
[140, 145]; [0.15, 0.2]: 5 / 22
[140, 145]; [0.2, 0.25]: 10 / 24
[140, 145]; [0.25, 0.3]: 11 / 24
[140, 145]; [0.3, 0.35]: 19 / 19
[140, 145]; [0.35, 0.4]: 12 / 21
[140, 145]; [0.4, 0.45]: 12 / 25
[140, 145]; [0.45, 0.5]: 15 / 30
[140, 145]; [0.5, 0.55]: 18 / 22
[140, 145]; [0.55, 0.6]: 15 / 31
[140, 145]; [0.6, 0.65]: 11 / 21
[140, 145]; [0.65, 0.7]: 16 / 22
[140, 145]; [0.7, 0.75]: 16 / 21
[140, 145]; [0.75, 0.8]: 12 / 28
[140, 145]; [0.8, 0.85]: 15 / 34
[140, 145]; [0.85, 0.9]: 13 / 32
[140, 145]; [0.9, 0.95]: 16 / 16
[140, 145]; [0.95, 1]: 0 / 0

[145, 150]; [-1, -0.95]: 0 / 0
[145, 150]; [-0.95, -0.9]: 8 / 13
[145, 150]; [-0.9, -0.85]: 14 / 37
[145, 150]; [-0.85, -0.8]: 12 / 29
[145, 150]; [-0.8, -0.75]: 9 / 21
[145, 150]; [-0.75, -0.7]: 17 / 19
[145, 150]; [-0.7, -0.65]: 13 / 23
[145, 150]; [-0.65, -0.6]: 13 / 22
[145, 150]; [-0.6, -0.55]: 5 / 25
[145, 150]; [-0.55, -0.5]: 13 / 24
[145, 150]; [-0.5, -0.45]: 8 / 10
[145, 150]; [-0.45, -0.4]: 5 / 27
[145, 150]; [-0.4, -0.35]: 13 / 18
[145, 150]; [-0.35, -0.3]: 10 / 29
[145, 150]; [-0.3, -0.25]: 9 / 27
[145, 150]; [-0.25, -0.2]: 7 / 23
[145, 150]; [-0.2, -0.15]: 10 / 17
[145, 150]; [-0.15, -0.1]: 9 / 21
[145, 150]; [-0.1, -0.05]: 8 / 9
[145, 150]; [-0.05, 0]: 10 / 14
[145, 150]; [0, 0.05]: 11 / 22
[145, 150]; [0.05, 0.1]: 13 / 16
[145, 150]; [0.1, 0.15]: 12 / 30
[145, 150]; [0.15, 0.2]: 10 / 28
[145, 150]; [0.2, 0.25]: 7 / 20
[145, 150]; [0.25, 0.3]: 16 / 27
[145, 150]; [0.3, 0.35]: 8 / 17
[145, 150]; [0.35, 0.4]: 13 / 21
[145, 150]; [0.4, 0.45]: 15 / 22
[145, 150]; [0.45, 0.5]: 7 / 18
[145, 150]; [0.5, 0.55]: 9 / 19
[145, 150]; [0.55, 0.6]: 15 / 26
[145, 150]; [0.6, 0.65]: 13 / 23
[145, 150]; [0.65, 0.7]: 11 / 8
[145, 150]; [0.7, 0.75]: 15 / 18
[145, 150]; [0.75, 0.8]: 17 / 26
[145, 150]; [0.8, 0.85]: 16 / 24
[145, 150]; [0.85, 0.9]: 13 / 26
[145, 150]; [0.9, 0.95]: 7 / 9
[145, 150]; [0.95, 1]: 0 / 0

[150, 155]; [-1, -0.95]: 0 / 0
[150, 155]; [-0.95, -0.9]: 10 / 9
[150, 155]; [-0.9, -0.85]: 11 / 17
[150, 155]; [-0.85, -0.8]: 10 / 26
[150, 155]; [-0.8, -0.75]: 13 / 20
[150, 155]; [-0.75, -0.7]: 12 / 17
[150, 155]; [-0.7, -0.65]: 12 / 19
[150, 155]; [-0.65, -0.6]: 14 / 16
[150, 155]; [-0.6, -0.55]: 11 / 22
[150, 155]; [-0.55, -0.5]: 16 / 21
[150, 155]; [-0.5, -0.45]: 8 / 23
[150, 155]; [-0.45, -0.4]: 14 / 17
[150, 155]; [-0.4, -0.35]: 10 / 14
[150, 155]; [-0.35, -0.3]: 14 / 13
[150, 155]; [-0.3, -0.25]: 8 / 14
[150, 155]; [-0.25, -0.2]: 7 / 12
[150, 155]; [-0.2, -0.15]: 9 / 19
[150, 155]; [-0.15, -0.1]: 8 / 11
[150, 155]; [-0.1, -0.05]: 9 / 20
[150, 155]; [-0.05, 0]: 7 / 11
[150, 155]; [0, 0.05]: 9 / 14
[150, 155]; [0.05, 0.1]: 7 / 20
[150, 155]; [0.1, 0.15]: 7 / 21
[150, 155]; [0.15, 0.2]: 10 / 18
[150, 155]; [0.2, 0.25]: 6 / 14
[150, 155]; [0.25, 0.3]: 5 / 18
[150, 155]; [0.3, 0.35]: 9 / 17
[150, 155]; [0.35, 0.4]: 6 / 13
[150, 155]; [0.4, 0.45]: 5 / 18
[150, 155]; [0.45, 0.5]: 10 / 22
[150, 155]; [0.5, 0.55]: 10 / 22
[150, 155]; [0.55, 0.6]: 13 / 24
[150, 155]; [0.6, 0.65]: 9 / 11
[150, 155]; [0.65, 0.7]: 12 / 20
[150, 155]; [0.7, 0.75]: 12 / 16
[150, 155]; [0.75, 0.8]: 10 / 24
[150, 155]; [0.8, 0.85]: 18 / 12
[150, 155]; [0.85, 0.9]: 15 / 21
[150, 155]; [0.9, 0.95]: 17 / 11
[150, 155]; [0.95, 1]: 0 / 0

[155, 160]; [-1, -0.95]: 0 / 0
[155, 160]; [-0.95, -0.9]: 10 / 9
[155, 160]; [-0.9, -0.85]: 13 / 20
[155, 160]; [-0.85, -0.8]: 14 / 13
[155, 160]; [-0.8, -0.75]: 6 / 14
[155, 160]; [-0.75, -0.7]: 7 / 9
[155, 160]; [-0.7, -0.65]: 11 / 20
[155, 160]; [-0.65, -0.6]: 14 / 14
[155, 160]; [-0.6, -0.55]: 9 / 13
[155, 160]; [-0.55, -0.5]: 8 / 15
[155, 160]; [-0.5, -0.45]: 8 / 12
[155, 160]; [-0.45, -0.4]: 4 / 13
[155, 160]; [-0.4, -0.35]: 10 / 16
[155, 160]; [-0.35, -0.3]: 11 / 19
[155, 160]; [-0.3, -0.25]: 9 / 16
[155, 160]; [-0.25, -0.2]: 6 / 20
[155, 160]; [-0.2, -0.15]: 10 / 15
[155, 160]; [-0.15, -0.1]: 6 / 8
[155, 160]; [-0.1, -0.05]: 3 / 8
[155, 160]; [-0.05, 0]: 12 / 17
[155, 160]; [0, 0.05]: 6 / 8
[155, 160]; [0.05, 0.1]: 8 / 25
[155, 160]; [0.1, 0.15]: 7 / 13
[155, 160]; [0.15, 0.2]: 4 / 14
[155, 160]; [0.2, 0.25]: 6 / 10
[155, 160]; [0.25, 0.3]: 6 / 10
[155, 160]; [0.3, 0.35]: 9 / 15
[155, 160]; [0.35, 0.4]: 7 / 16
[155, 160]; [0.4, 0.45]: 8 / 11
[155, 160]; [0.45, 0.5]: 5 / 16
[155, 160]; [0.5, 0.55]: 8 / 18
[155, 160]; [0.55, 0.6]: 5 / 18
[155, 160]; [0.6, 0.65]: 7 / 13
[155, 160]; [0.65, 0.7]: 4 / 28
[155, 160]; [0.7, 0.75]: 8 / 8
[155, 160]; [0.75, 0.8]: 9 / 29
[155, 160]; [0.8, 0.85]: 16 / 4
[155, 160]; [0.85, 0.9]: 8 / 20
[155, 160]; [0.9, 0.95]: 3 / 9
[155, 160]; [0.95, 1]: 0 / 0

[160, 170]; [-1, -0.95]: 0 / 0
[160, 170]; [-0.95, -0.9]: 15 / 19
[160, 170]; [-0.9, -0.85]: 12 / 30
[160, 170]; [-0.85, -0.8]: 13 / 16
[160, 170]; [-0.8, -0.75]: 15 / 26
[160, 170]; [-0.75, -0.7]: 15 / 24
[160, 170]; [-0.7, -0.65]: 11 / 28
[160, 170]; [-0.65, -0.6]: 6 / 15
[160, 170]; [-0.6, -0.55]: 8 / 25
[160, 170]; [-0.55, -0.5]: 12 / 26
[160, 170]; [-0.5, -0.45]: 11 / 19
[160, 170]; [-0.45, -0.4]: 14 / 19
[160, 170]; [-0.4, -0.35]: 13 / 14
[160, 170]; [-0.35, -0.3]: 13 / 27
[160, 170]; [-0.3, -0.25]: 7 / 22
[160, 170]; [-0.25, -0.2]: 12 / 24
[160, 170]; [-0.2, -0.15]: 7 / 15
[160, 170]; [-0.15, -0.1]: 14 / 20
[160, 170]; [-0.1, -0.05]: 8 / 16
[160, 170]; [-0.05, 0]: 12 / 16
[160, 170]; [0, 0.05]: 6 / 25
[160, 170]; [0.05, 0.1]: 6 / 16
[160, 170]; [0.1, 0.15]: 16 / 18
[160, 170]; [0.15, 0.2]: 15 / 15
[160, 170]; [0.2, 0.25]: 4 / 17
[160, 170]; [0.25, 0.3]: 9 / 14
[160, 170]; [0.3, 0.35]: 10 / 11
[160, 170]; [0.35, 0.4]: 8 / 23
[160, 170]; [0.4, 0.45]: 8 / 23
[160, 170]; [0.45, 0.5]: 9 / 23
[160, 170]; [0.5, 0.55]: 14 / 19
[160, 170]; [0.55, 0.6]: 14 / 18
[160, 170]; [0.6, 0.65]: 11 / 21
[160, 170]; [0.65, 0.7]: 8 / 20
[160, 170]; [0.7, 0.75]: 17 / 24
[160, 170]; [0.75, 0.8]: 19 / 16
[160, 170]; [0.8, 0.85]: 17 / 18
[160, 170]; [0.85, 0.9]: 24 / 31
[160, 170]; [0.9, 0.95]: 10 / 12
[160, 170]; [0.95, 1]: 0 / 0

[170, 180]; [-1, -0.95]: 0 / 0
[170, 180]; [-0.95, -0.9]: 8 / 10
[170, 180]; [-0.9, -0.85]: 14 / 11
[170, 180]; [-0.85, -0.8]: 14 / 12
[170, 180]; [-0.8, -0.75]: 7 / 14
[170, 180]; [-0.75, -0.7]: 5 / 10
[170, 180]; [-0.7, -0.65]: 5 / 12
[170, 180]; [-0.65, -0.6]: 8 / 16
[170, 180]; [-0.6, -0.55]: 6 / 12
[170, 180]; [-0.55, -0.5]: 7 / 9
[170, 180]; [-0.5, -0.45]: 5 / 18
[170, 180]; [-0.45, -0.4]: 6 / 11
[170, 180]; [-0.4, -0.35]: 9 / 14
[170, 180]; [-0.35, -0.3]: 4 / 7
[170, 180]; [-0.3, -0.25]: 3 / 16
[170, 180]; [-0.25, -0.2]: 4 / 6
[170, 180]; [-0.2, -0.15]: 9 / 14
[170, 180]; [-0.15, -0.1]: 7 / 13
[170, 180]; [-0.1, -0.05]: 7 / 10
[170, 180]; [-0.05, 0]: 4 / 16
[170, 180]; [0, 0.05]: 6 / 7
[170, 180]; [0.05, 0.1]: 9 / 11
[170, 180]; [0.1, 0.15]: 9 / 6
[170, 180]; [0.15, 0.2]: 6 / 11
[170, 180]; [0.2, 0.25]: 5 / 11
[170, 180]; [0.25, 0.3]: 8 / 10
[170, 180]; [0.3, 0.35]: 13 / 13
[170, 180]; [0.35, 0.4]: 4 / 12
[170, 180]; [0.4, 0.45]: 10 / 14
[170, 180]; [0.45, 0.5]: 7 / 13
[170, 180]; [0.5, 0.55]: 8 / 19
[170, 180]; [0.55, 0.6]: 5 / 17
[170, 180]; [0.6, 0.65]: 10 / 11
[170, 180]; [0.65, 0.7]: 11 / 11
[170, 180]; [0.7, 0.75]: 9 / 12
[170, 180]; [0.75, 0.8]: 11 / 11
[170, 180]; [0.8, 0.85]: 8 / 10
[170, 180]; [0.85, 0.9]: 13 / 17
[170, 180]; [0.9, 0.95]: 9 / 9
[170, 180]; [0.95, 1]: 0 / 0

[180, 190]; [-1, -0.95]: 0 / 0
[180, 190]; [-0.95, -0.9]: 13 / 3
[180, 190]; [-0.9, -0.85]: 8 / 14
[180, 190]; [-0.85, -0.8]: 5 / 9
[180, 190]; [-0.8, -0.75]: 3 / 8
[180, 190]; [-0.75, -0.7]: 9 / 10
[180, 190]; [-0.7, -0.65]: 4 / 8
[180, 190]; [-0.65, -0.6]: 4 / 11
[180, 190]; [-0.6, -0.55]: 5 / 10
[180, 190]; [-0.55, -0.5]: 6 / 12
[180, 190]; [-0.5, -0.45]: 6 / 6
[180, 190]; [-0.45, -0.4]: 7 / 8
[180, 190]; [-0.4, -0.35]: 6 / 7
[180, 190]; [-0.35, -0.3]: 7 / 10
[180, 190]; [-0.3, -0.25]: 3 / 6
[180, 190]; [-0.25, -0.2]: 3 / 5
[180, 190]; [-0.2, -0.15]: 4 / 7
[180, 190]; [-0.15, -0.1]: 2 / 9
[180, 190]; [-0.1, -0.05]: 6 / 9
[180, 190]; [-0.05, 0]: 6 / 9
[180, 190]; [0, 0.05]: 6 / 7
[180, 190]; [0.05, 0.1]: 8 / 6
[180, 190]; [0.1, 0.15]: 5 / 11
[180, 190]; [0.15, 0.2]: 6 / 7
[180, 190]; [0.2, 0.25]: 5 / 6
[180, 190]; [0.25, 0.3]: 4 / 5
[180, 190]; [0.3, 0.35]: 2 / 6
[180, 190]; [0.35, 0.4]: 4 / 9
[180, 190]; [0.4, 0.45]: 6 / 11
[180, 190]; [0.45, 0.5]: 8 / 3
[180, 190]; [0.5, 0.55]: 8 / 8
[180, 190]; [0.55, 0.6]: 10 / 16
[180, 190]; [0.6, 0.65]: 5 / 12
[180, 190]; [0.65, 0.7]: 5 / 14
[180, 190]; [0.7, 0.75]: 5 / 9
[180, 190]; [0.75, 0.8]: 15 / 8
[180, 190]; [0.8, 0.85]: 7 / 8
[180, 190]; [0.85, 0.9]: 11 / 10
[180, 190]; [0.9, 0.95]: 8 / 11
[180, 190]; [0.95, 1]: 0 / 0

[190, 200]; [-1, -0.95]: 0 / 0
[190, 200]; [-0.95, -0.9]: 13 / 4
[190, 200]; [-0.9, -0.85]: 6 / 9
[190, 200]; [-0.85, -0.8]: 3 / 12
[190, 200]; [-0.8, -0.75]: 3 / 5
[190, 200]; [-0.75, -0.7]: 4 / 15
[190, 200]; [-0.7, -0.65]: 5 / 8
[190, 200]; [-0.65, -0.6]: 4 / 8
[190, 200]; [-0.6, -0.55]: 5 / 6
[190, 200]; [-0.55, -0.5]: 7 / 8
[190, 200]; [-0.5, -0.45]: 5 / 7
[190, 200]; [-0.45, -0.4]: 3 / 1
[190, 200]; [-0.4, -0.35]: 7 / 4
[190, 200]; [-0.35, -0.3]: 3 / 9
[190, 200]; [-0.3, -0.25]: 2 / 5
[190, 200]; [-0.25, -0.2]: 5 / 5
[190, 200]; [-0.2, -0.15]: 3 / 11
[190, 200]; [-0.15, -0.1]: 4 / 4
[190, 200]; [-0.1, -0.05]: 3 / 9
[190, 200]; [-0.05, 0]: 8 / 3
[190, 200]; [0, 0.05]: 3 / 4
[190, 200]; [0.05, 0.1]: 2 / 5
[190, 200]; [0.1, 0.15]: 3 / 8
[190, 200]; [0.15, 0.2]: 9 / 3
[190, 200]; [0.2, 0.25]: 3 / 4
[190, 200]; [0.25, 0.3]: 3 / 5
[190, 200]; [0.3, 0.35]: 2 / 10
[190, 200]; [0.35, 0.4]: 3 / 5
[190, 200]; [0.4, 0.45]: 3 / 6
[190, 200]; [0.45, 0.5]: 4 / 4
[190, 200]; [0.5, 0.55]: 4 / 4
[190, 200]; [0.55, 0.6]: 2 / 7
[190, 200]; [0.6, 0.65]: 3 / 6
[190, 200]; [0.65, 0.7]: 5 / 6
[190, 200]; [0.7, 0.75]: 4 / 9
[190, 200]; [0.75, 0.8]: 6 / 6
[190, 200]; [0.8, 0.85]: 10 / 3
[190, 200]; [0.85, 0.9]: 5 / 4
[190, 200]; [0.9, 0.95]: 2 / 8
[190, 200]; [0.95, 1]: 0 / 0

