[pTmin, pTmax]; [cosmin, cosmax]: data entries / mc entries

[46, 48]; [-1, -0.95]: 0 / 0
[46, 48]; [-0.95, -0.9]: 0 / 0
[46, 48]; [-0.9, -0.85]: 0 / 0
[46, 48]; [-0.85, -0.8]: 0 / 0
[46, 48]; [-0.8, -0.75]: 1244 / 5040
[46, 48]; [-0.75, -0.7]: 3937 / 15553
[46, 48]; [-0.7, -0.65]: 4024 / 16282
[46, 48]; [-0.65, -0.6]: 3818 / 16162
[46, 48]; [-0.6, -0.55]: 3750 / 15940
[46, 48]; [-0.55, -0.5]: 3753 / 15839
[46, 48]; [-0.5, -0.45]: 3754 / 15696
[46, 48]; [-0.45, -0.4]: 3741 / 15601
[46, 48]; [-0.4, -0.35]: 3631 / 15446
[46, 48]; [-0.35, -0.3]: 3515 / 15121
[46, 48]; [-0.3, -0.25]: 3539 / 15179
[46, 48]; [-0.25, -0.2]: 3565 / 15038
[46, 48]; [-0.2, -0.15]: 3563 / 15153
[46, 48]; [-0.15, -0.1]: 3319 / 14749
[46, 48]; [-0.1, -0.05]: 3426 / 14977
[46, 48]; [-0.05, 0]: 3485 / 14982
[46, 48]; [0, 0.05]: 3274 / 15173
[46, 48]; [0.05, 0.1]: 3474 / 14855
[46, 48]; [0.1, 0.15]: 3475 / 14887
[46, 48]; [0.15, 0.2]: 3561 / 15046
[46, 48]; [0.2, 0.25]: 3535 / 15148
[46, 48]; [0.25, 0.3]: 3526 / 15111
[46, 48]; [0.3, 0.35]: 3553 / 15293
[46, 48]; [0.35, 0.4]: 3735 / 15565
[46, 48]; [0.4, 0.45]: 3618 / 15480
[46, 48]; [0.45, 0.5]: 3623 / 15814
[46, 48]; [0.5, 0.55]: 3831 / 15933
[46, 48]; [0.55, 0.6]: 3926 / 16035
[46, 48]; [0.6, 0.65]: 3875 / 16138
[46, 48]; [0.65, 0.7]: 4038 / 16929
[46, 48]; [0.7, 0.75]: 3858 / 15733
[46, 48]; [0.75, 0.8]: 1276 / 5331
[46, 48]; [0.8, 0.85]: 0 / 0
[46, 48]; [0.85, 0.9]: 0 / 0
[46, 48]; [0.9, 0.95]: 0 / 0
[46, 48]; [0.95, 1]: 0 / 0

[48, 50]; [-1, -0.95]: 0 / 0
[48, 50]; [-0.95, -0.9]: 0 / 0
[48, 50]; [-0.9, -0.85]: 0 / 0
[48, 50]; [-0.85, -0.8]: 3 / 19
[48, 50]; [-0.8, -0.75]: 1563 / 6289
[48, 50]; [-0.75, -0.7]: 3266 / 13810
[48, 50]; [-0.7, -0.65]: 3273 / 13677
[48, 50]; [-0.65, -0.6]: 3114 / 13363
[48, 50]; [-0.6, -0.55]: 2991 / 13339
[48, 50]; [-0.55, -0.5]: 2960 / 13145
[48, 50]; [-0.5, -0.45]: 2955 / 12958
[48, 50]; [-0.45, -0.4]: 2883 / 12788
[48, 50]; [-0.4, -0.35]: 2789 / 12824
[48, 50]; [-0.35, -0.3]: 2794 / 12614
[48, 50]; [-0.3, -0.25]: 2701 / 12696
[48, 50]; [-0.25, -0.2]: 2731 / 12399
[48, 50]; [-0.2, -0.15]: 2699 / 12513
[48, 50]; [-0.15, -0.1]: 2725 / 12203
[48, 50]; [-0.1, -0.05]: 2762 / 12257
[48, 50]; [-0.05, 0]: 2670 / 12328
[48, 50]; [0, 0.05]: 2786 / 12276
[48, 50]; [0.05, 0.1]: 2783 / 12452
[48, 50]; [0.1, 0.15]: 2784 / 12312
[48, 50]; [0.15, 0.2]: 2726 / 12545
[48, 50]; [0.2, 0.25]: 2792 / 12500
[48, 50]; [0.25, 0.3]: 2782 / 12716
[48, 50]; [0.3, 0.35]: 2827 / 12497
[48, 50]; [0.35, 0.4]: 2886 / 12818
[48, 50]; [0.4, 0.45]: 2925 / 13010
[48, 50]; [0.45, 0.5]: 2938 / 12984
[48, 50]; [0.5, 0.55]: 2935 / 13082
[48, 50]; [0.55, 0.6]: 3164 / 13209
[48, 50]; [0.6, 0.65]: 3121 / 13635
[48, 50]; [0.65, 0.7]: 3216 / 13957
[48, 50]; [0.7, 0.75]: 3266 / 13751
[48, 50]; [0.75, 0.8]: 1498 / 6400
[48, 50]; [0.8, 0.85]: 5 / 17
[48, 50]; [0.85, 0.9]: 0 / 0
[48, 50]; [0.9, 0.95]: 0 / 0
[48, 50]; [0.95, 1]: 0 / 0

[50, 52]; [-1, -0.95]: 0 / 0
[50, 52]; [-0.95, -0.9]: 0 / 0
[50, 52]; [-0.9, -0.85]: 0 / 0
[50, 52]; [-0.85, -0.8]: 43 / 123
[50, 52]; [-0.8, -0.75]: 1644 / 6989
[50, 52]; [-0.75, -0.7]: 2640 / 11394
[50, 52]; [-0.7, -0.65]: 2549 / 11371
[50, 52]; [-0.65, -0.6]: 2450 / 11045
[50, 52]; [-0.6, -0.55]: 2406 / 10888
[50, 52]; [-0.55, -0.5]: 2431 / 10966
[50, 52]; [-0.5, -0.45]: 2371 / 10875
[50, 52]; [-0.45, -0.4]: 2269 / 10467
[50, 52]; [-0.4, -0.35]: 2235 / 10598
[50, 52]; [-0.35, -0.3]: 2219 / 10452
[50, 52]; [-0.3, -0.25]: 2184 / 10444
[50, 52]; [-0.25, -0.2]: 2120 / 10072
[50, 52]; [-0.2, -0.15]: 2120 / 10239
[50, 52]; [-0.15, -0.1]: 2193 / 10241
[50, 52]; [-0.1, -0.05]: 2107 / 10238
[50, 52]; [-0.05, 0]: 2114 / 10062
[50, 52]; [0, 0.05]: 2147 / 10027
[50, 52]; [0.05, 0.1]: 2203 / 10230
[50, 52]; [0.1, 0.15]: 2169 / 10179
[50, 52]; [0.15, 0.2]: 2218 / 10163
[50, 52]; [0.2, 0.25]: 2179 / 10284
[50, 52]; [0.25, 0.3]: 2265 / 10528
[50, 52]; [0.3, 0.35]: 2281 / 10552
[50, 52]; [0.35, 0.4]: 2385 / 10564
[50, 52]; [0.4, 0.45]: 2326 / 10756
[50, 52]; [0.45, 0.5]: 2392 / 10870
[50, 52]; [0.5, 0.55]: 2474 / 10829
[50, 52]; [0.55, 0.6]: 2467 / 11187
[50, 52]; [0.6, 0.65]: 2484 / 11232
[50, 52]; [0.65, 0.7]: 2531 / 11533
[50, 52]; [0.7, 0.75]: 2687 / 11680
[50, 52]; [0.75, 0.8]: 1721 / 7287
[50, 52]; [0.8, 0.85]: 34 / 151
[50, 52]; [0.85, 0.9]: 0 / 0
[50, 52]; [0.9, 0.95]: 0 / 0
[50, 52]; [0.95, 1]: 0 / 0

[52, 54]; [-1, -0.95]: 0 / 0
[52, 54]; [-0.95, -0.9]: 0 / 0
[52, 54]; [-0.9, -0.85]: 0 / 0
[52, 54]; [-0.85, -0.8]: 88 / 381
[52, 54]; [-0.8, -0.75]: 1691 / 7116
[52, 54]; [-0.75, -0.7]: 2134 / 9732
[52, 54]; [-0.7, -0.65]: 2097 / 9492
[52, 54]; [-0.65, -0.6]: 2116 / 9246
[52, 54]; [-0.6, -0.55]: 2032 / 9128
[52, 54]; [-0.55, -0.5]: 1889 / 8902
[52, 54]; [-0.5, -0.45]: 1886 / 8815
[52, 54]; [-0.45, -0.4]: 1926 / 8843
[52, 54]; [-0.4, -0.35]: 1836 / 8636
[52, 54]; [-0.35, -0.3]: 1847 / 8731
[52, 54]; [-0.3, -0.25]: 1741 / 8559
[52, 54]; [-0.25, -0.2]: 1776 / 8251
[52, 54]; [-0.2, -0.15]: 1771 / 8459
[52, 54]; [-0.15, -0.1]: 1756 / 8463
[52, 54]; [-0.1, -0.05]: 1697 / 8382
[52, 54]; [-0.05, 0]: 1778 / 8195
[52, 54]; [0, 0.05]: 1748 / 8392
[52, 54]; [0.05, 0.1]: 1700 / 8377
[52, 54]; [0.1, 0.15]: 1736 / 8285
[52, 54]; [0.15, 0.2]: 1759 / 8569
[52, 54]; [0.2, 0.25]: 1806 / 8631
[52, 54]; [0.25, 0.3]: 1726 / 8707
[52, 54]; [0.3, 0.35]: 1852 / 8645
[52, 54]; [0.35, 0.4]: 1858 / 8735
[52, 54]; [0.4, 0.45]: 1844 / 8917
[52, 54]; [0.45, 0.5]: 1957 / 8975
[52, 54]; [0.5, 0.55]: 1984 / 9042
[52, 54]; [0.55, 0.6]: 2000 / 9285
[52, 54]; [0.6, 0.65]: 2027 / 9245
[52, 54]; [0.65, 0.7]: 2107 / 9769
[52, 54]; [0.7, 0.75]: 2197 / 9760
[52, 54]; [0.75, 0.8]: 1618 / 7387
[52, 54]; [0.8, 0.85]: 97 / 370
[52, 54]; [0.85, 0.9]: 0 / 0
[52, 54]; [0.9, 0.95]: 0 / 0
[52, 54]; [0.95, 1]: 0 / 0

[54, 56]; [-1, -0.95]: 0 / 0
[54, 56]; [-0.95, -0.9]: 0 / 0
[54, 56]; [-0.9, -0.85]: 0 / 0
[54, 56]; [-0.85, -0.8]: 160 / 692
[54, 56]; [-0.8, -0.75]: 1561 / 6871
[54, 56]; [-0.75, -0.7]: 1747 / 8095
[54, 56]; [-0.7, -0.65]: 1756 / 7917
[54, 56]; [-0.65, -0.6]: 1568 / 7672
[54, 56]; [-0.6, -0.55]: 1662 / 7441
[54, 56]; [-0.55, -0.5]: 1560 / 7528
[54, 56]; [-0.5, -0.45]: 1580 / 7576
[54, 56]; [-0.45, -0.4]: 1525 / 7224
[54, 56]; [-0.4, -0.35]: 1499 / 7283
[54, 56]; [-0.35, -0.3]: 1451 / 7203
[54, 56]; [-0.3, -0.25]: 1468 / 7021
[54, 56]; [-0.25, -0.2]: 1345 / 7122
[54, 56]; [-0.2, -0.15]: 1412 / 7054
[54, 56]; [-0.15, -0.1]: 1416 / 6968
[54, 56]; [-0.1, -0.05]: 1374 / 6935
[54, 56]; [-0.05, 0]: 1354 / 6916
[54, 56]; [0, 0.05]: 1378 / 6875
[54, 56]; [0.05, 0.1]: 1383 / 6959
[54, 56]; [0.1, 0.15]: 1470 / 6880
[54, 56]; [0.15, 0.2]: 1374 / 6858
[54, 56]; [0.2, 0.25]: 1496 / 7067
[54, 56]; [0.25, 0.3]: 1452 / 7102
[54, 56]; [0.3, 0.35]: 1486 / 7089
[54, 56]; [0.35, 0.4]: 1533 / 7144
[54, 56]; [0.4, 0.45]: 1508 / 7299
[54, 56]; [0.45, 0.5]: 1613 / 7472
[54, 56]; [0.5, 0.55]: 1560 / 7609
[54, 56]; [0.55, 0.6]: 1664 / 7854
[54, 56]; [0.6, 0.65]: 1622 / 7668
[54, 56]; [0.65, 0.7]: 1742 / 7856
[54, 56]; [0.7, 0.75]: 1785 / 8185
[54, 56]; [0.75, 0.8]: 1524 / 7004
[54, 56]; [0.8, 0.85]: 164 / 711
[54, 56]; [0.85, 0.9]: 0 / 0
[54, 56]; [0.9, 0.95]: 0 / 0
[54, 56]; [0.95, 1]: 0 / 0

[56, 58]; [-1, -0.95]: 0 / 0
[56, 58]; [-0.95, -0.9]: 0 / 0
[56, 58]; [-0.9, -0.85]: 0 / 0
[56, 58]; [-0.85, -0.8]: 234 / 1138
[56, 58]; [-0.8, -0.75]: 1388 / 6187
[56, 58]; [-0.75, -0.7]: 1460 / 6553
[56, 58]; [-0.7, -0.65]: 1375 / 6385
[56, 58]; [-0.65, -0.6]: 1331 / 6406
[56, 58]; [-0.6, -0.55]: 1341 / 6357
[56, 58]; [-0.55, -0.5]: 1295 / 6163
[56, 58]; [-0.5, -0.45]: 1317 / 6069
[56, 58]; [-0.45, -0.4]: 1222 / 6134
[56, 58]; [-0.4, -0.35]: 1249 / 6027
[56, 58]; [-0.35, -0.3]: 1094 / 5905
[56, 58]; [-0.3, -0.25]: 1225 / 5854
[56, 58]; [-0.25, -0.2]: 1173 / 5718
[56, 58]; [-0.2, -0.15]: 1126 / 5741
[56, 58]; [-0.15, -0.1]: 1077 / 5781
[56, 58]; [-0.1, -0.05]: 1151 / 5786
[56, 58]; [-0.05, 0]: 1140 / 5673
[56, 58]; [0, 0.05]: 1098 / 5752
[56, 58]; [0.05, 0.1]: 1173 / 5811
[56, 58]; [0.1, 0.15]: 1073 / 5815
[56, 58]; [0.15, 0.2]: 1156 / 5805
[56, 58]; [0.2, 0.25]: 1161 / 5732
[56, 58]; [0.25, 0.3]: 1146 / 5731
[56, 58]; [0.3, 0.35]: 1200 / 5885
[56, 58]; [0.35, 0.4]: 1195 / 6074
[56, 58]; [0.4, 0.45]: 1264 / 6086
[56, 58]; [0.45, 0.5]: 1294 / 6244
[56, 58]; [0.5, 0.55]: 1256 / 6284
[56, 58]; [0.55, 0.6]: 1336 / 6456
[56, 58]; [0.6, 0.65]: 1384 / 6430
[56, 58]; [0.65, 0.7]: 1403 / 6543
[56, 58]; [0.7, 0.75]: 1416 / 6800
[56, 58]; [0.75, 0.8]: 1405 / 6331
[56, 58]; [0.8, 0.85]: 238 / 1088
[56, 58]; [0.85, 0.9]: 0 / 0
[56, 58]; [0.9, 0.95]: 0 / 0
[56, 58]; [0.95, 1]: 0 / 0

[58, 60]; [-1, -0.95]: 0 / 0
[58, 60]; [-0.95, -0.9]: 0 / 0
[58, 60]; [-0.9, -0.85]: 0 / 0
[58, 60]; [-0.85, -0.8]: 313 / 1425
[58, 60]; [-0.8, -0.75]: 1181 / 5656
[58, 60]; [-0.75, -0.7]: 1081 / 5489
[58, 60]; [-0.7, -0.65]: 1230 / 5439
[58, 60]; [-0.65, -0.6]: 1132 / 5340
[58, 60]; [-0.6, -0.55]: 1111 / 5192
[58, 60]; [-0.55, -0.5]: 1073 / 5244
[58, 60]; [-0.5, -0.45]: 1096 / 5128
[58, 60]; [-0.45, -0.4]: 1029 / 5054
[58, 60]; [-0.4, -0.35]: 1021 / 4975
[58, 60]; [-0.35, -0.3]: 1018 / 4813
[58, 60]; [-0.3, -0.25]: 1049 / 4777
[58, 60]; [-0.25, -0.2]: 951 / 4896
[58, 60]; [-0.2, -0.15]: 972 / 4617
[58, 60]; [-0.15, -0.1]: 878 / 4731
[58, 60]; [-0.1, -0.05]: 976 / 4664
[58, 60]; [-0.05, 0]: 948 / 4721
[58, 60]; [0, 0.05]: 901 / 4771
[58, 60]; [0.05, 0.1]: 874 / 4633
[58, 60]; [0.1, 0.15]: 940 / 4945
[58, 60]; [0.15, 0.2]: 907 / 4762
[58, 60]; [0.2, 0.25]: 993 / 4800
[58, 60]; [0.25, 0.3]: 938 / 4787
[58, 60]; [0.3, 0.35]: 1023 / 4910
[58, 60]; [0.35, 0.4]: 1013 / 5014
[58, 60]; [0.4, 0.45]: 1045 / 5169
[58, 60]; [0.45, 0.5]: 1053 / 5238
[58, 60]; [0.5, 0.55]: 1108 / 5278
[58, 60]; [0.55, 0.6]: 1103 / 5409
[58, 60]; [0.6, 0.65]: 1080 / 5344
[58, 60]; [0.65, 0.7]: 1133 / 5534
[58, 60]; [0.7, 0.75]: 1148 / 5740
[58, 60]; [0.75, 0.8]: 1208 / 5566
[58, 60]; [0.8, 0.85]: 321 / 1450
[58, 60]; [0.85, 0.9]: 0 / 0
[58, 60]; [0.9, 0.95]: 0 / 0
[58, 60]; [0.95, 1]: 0 / 0

[60, 62]; [-1, -0.95]: 0 / 0
[60, 62]; [-0.95, -0.9]: 0 / 0
[60, 62]; [-0.9, -0.85]: 0 / 0
[60, 62]; [-0.85, -0.8]: 347 / 1695
[60, 62]; [-0.8, -0.75]: 956 / 4691
[60, 62]; [-0.75, -0.7]: 983 / 4768
[60, 62]; [-0.7, -0.65]: 914 / 4564
[60, 62]; [-0.65, -0.6]: 893 / 4510
[60, 62]; [-0.6, -0.55]: 912 / 4398
[60, 62]; [-0.55, -0.5]: 914 / 4413
[60, 62]; [-0.5, -0.45]: 859 / 4306
[60, 62]; [-0.45, -0.4]: 825 / 4215
[60, 62]; [-0.4, -0.35]: 759 / 4131
[60, 62]; [-0.35, -0.3]: 812 / 4075
[60, 62]; [-0.3, -0.25]: 782 / 4018
[60, 62]; [-0.25, -0.2]: 770 / 3878
[60, 62]; [-0.2, -0.15]: 760 / 3950
[60, 62]; [-0.15, -0.1]: 750 / 3917
[60, 62]; [-0.1, -0.05]: 752 / 3927
[60, 62]; [-0.05, 0]: 764 / 3948
[60, 62]; [0, 0.05]: 736 / 3807
[60, 62]; [0.05, 0.1]: 748 / 3911
[60, 62]; [0.1, 0.15]: 795 / 3931
[60, 62]; [0.15, 0.2]: 768 / 3906
[60, 62]; [0.2, 0.25]: 777 / 4058
[60, 62]; [0.25, 0.3]: 776 / 4095
[60, 62]; [0.3, 0.35]: 768 / 4015
[60, 62]; [0.35, 0.4]: 833 / 4145
[60, 62]; [0.4, 0.45]: 844 / 4231
[60, 62]; [0.45, 0.5]: 884 / 4356
[60, 62]; [0.5, 0.55]: 870 / 4497
[60, 62]; [0.55, 0.6]: 958 / 4444
[60, 62]; [0.6, 0.65]: 914 / 4479
[60, 62]; [0.65, 0.7]: 960 / 4577
[60, 62]; [0.7, 0.75]: 970 / 4693
[60, 62]; [0.75, 0.8]: 1043 / 4730
[60, 62]; [0.8, 0.85]: 364 / 1757
[60, 62]; [0.85, 0.9]: 0 / 0
[60, 62]; [0.9, 0.95]: 0 / 0
[60, 62]; [0.95, 1]: 0 / 0

[62, 64]; [-1, -0.95]: 0 / 0
[62, 64]; [-0.95, -0.9]: 0 / 0
[62, 64]; [-0.9, -0.85]: 0 / 0
[62, 64]; [-0.85, -0.8]: 374 / 1874
[62, 64]; [-0.8, -0.75]: 839 / 3908
[62, 64]; [-0.75, -0.7]: 857 / 3870
[62, 64]; [-0.7, -0.65]: 856 / 3824
[62, 64]; [-0.65, -0.6]: 746 / 3731
[62, 64]; [-0.6, -0.55]: 728 / 3732
[62, 64]; [-0.55, -0.5]: 714 / 3562
[62, 64]; [-0.5, -0.45]: 736 / 3520
[62, 64]; [-0.45, -0.4]: 709 / 3481
[62, 64]; [-0.4, -0.35]: 690 / 3509
[62, 64]; [-0.35, -0.3]: 700 / 3321
[62, 64]; [-0.3, -0.25]: 609 / 3260
[62, 64]; [-0.25, -0.2]: 628 / 3307
[62, 64]; [-0.2, -0.15]: 667 / 3213
[62, 64]; [-0.15, -0.1]: 624 / 3174
[62, 64]; [-0.1, -0.05]: 610 / 3276
[62, 64]; [-0.05, 0]: 650 / 3199
[62, 64]; [0, 0.05]: 606 / 3291
[62, 64]; [0.05, 0.1]: 741 / 3184
[62, 64]; [0.1, 0.15]: 650 / 3277
[62, 64]; [0.15, 0.2]: 652 / 3241
[62, 64]; [0.2, 0.25]: 632 / 3235
[62, 64]; [0.25, 0.3]: 673 / 3315
[62, 64]; [0.3, 0.35]: 614 / 3353
[62, 64]; [0.35, 0.4]: 701 / 3458
[62, 64]; [0.4, 0.45]: 701 / 3476
[62, 64]; [0.45, 0.5]: 757 / 3566
[62, 64]; [0.5, 0.55]: 755 / 3692
[62, 64]; [0.55, 0.6]: 756 / 3787
[62, 64]; [0.6, 0.65]: 744 / 3745
[62, 64]; [0.65, 0.7]: 798 / 3831
[62, 64]; [0.7, 0.75]: 825 / 3938
[62, 64]; [0.75, 0.8]: 840 / 4063
[62, 64]; [0.8, 0.85]: 394 / 1986
[62, 64]; [0.85, 0.9]: 0 / 0
[62, 64]; [0.9, 0.95]: 0 / 0
[62, 64]; [0.95, 1]: 0 / 0

[64, 66]; [-1, -0.95]: 0 / 0
[64, 66]; [-0.95, -0.9]: 0 / 0
[64, 66]; [-0.9, -0.85]: 0 / 0
[64, 66]; [-0.85, -0.8]: 425 / 1965
[64, 66]; [-0.8, -0.75]: 725 / 3325
[64, 66]; [-0.75, -0.7]: 631 / 3247
[64, 66]; [-0.7, -0.65]: 696 / 3193
[64, 66]; [-0.65, -0.6]: 659 / 3125
[64, 66]; [-0.6, -0.55]: 597 / 3162
[64, 66]; [-0.55, -0.5]: 584 / 3095
[64, 66]; [-0.5, -0.45]: 588 / 2940
[64, 66]; [-0.45, -0.4]: 573 / 2873
[64, 66]; [-0.4, -0.35]: 547 / 2836
[64, 66]; [-0.35, -0.3]: 539 / 2809
[64, 66]; [-0.3, -0.25]: 532 / 2737
[64, 66]; [-0.25, -0.2]: 558 / 2727
[64, 66]; [-0.2, -0.15]: 524 / 2593
[64, 66]; [-0.15, -0.1]: 486 / 2758
[64, 66]; [-0.1, -0.05]: 520 / 2723
[64, 66]; [-0.05, 0]: 526 / 2662
[64, 66]; [0, 0.05]: 501 / 2717
[64, 66]; [0.05, 0.1]: 484 / 2724
[64, 66]; [0.1, 0.15]: 522 / 2723
[64, 66]; [0.15, 0.2]: 532 / 2808
[64, 66]; [0.2, 0.25]: 552 / 2670
[64, 66]; [0.25, 0.3]: 569 / 2830
[64, 66]; [0.3, 0.35]: 589 / 2697
[64, 66]; [0.35, 0.4]: 553 / 2845
[64, 66]; [0.4, 0.45]: 595 / 3013
[64, 66]; [0.45, 0.5]: 646 / 2988
[64, 66]; [0.5, 0.55]: 603 / 3099
[64, 66]; [0.55, 0.6]: 628 / 3141
[64, 66]; [0.6, 0.65]: 616 / 3124
[64, 66]; [0.65, 0.7]: 671 / 3278
[64, 66]; [0.7, 0.75]: 675 / 3274
[64, 66]; [0.75, 0.8]: 709 / 3429
[64, 66]; [0.8, 0.85]: 458 / 2038
[64, 66]; [0.85, 0.9]: 0 / 0
[64, 66]; [0.9, 0.95]: 0 / 0
[64, 66]; [0.95, 1]: 0 / 0

