[pTmin, pTmax]; [cosmin, cosmax]: data entries / mc entries

[25, 26]; [-1, -0.95]: 0 / 0
[25, 26]; [-0.95, -0.9]: 0 / 0
[25, 26]; [-0.9, -0.85]: 0 / 0
[25, 26]; [-0.85, -0.8]: 0 / 0
[25, 26]; [-0.8, -0.75]: 0 / 0
[25, 26]; [-0.75, -0.7]: 0 / 0
[25, 26]; [-0.7, -0.65]: 0 / 0
[25, 26]; [-0.65, -0.6]: 3168 / 788
[25, 26]; [-0.6, -0.55]: 20183 / 4739
[25, 26]; [-0.55, -0.5]: 39656 / 9263
[25, 26]; [-0.5, -0.45]: 47945 / 11178
[25, 26]; [-0.45, -0.4]: 48576 / 11578
[25, 26]; [-0.4, -0.35]: 48345 / 11446
[25, 26]; [-0.35, -0.3]: 48324 / 11384
[25, 26]; [-0.3, -0.25]: 47337 / 11300
[25, 26]; [-0.25, -0.2]: 47649 / 11280
[25, 26]; [-0.2, -0.15]: 47233 / 11399
[25, 26]; [-0.15, -0.1]: 47556 / 11537
[25, 26]; [-0.1, -0.05]: 47388 / 11399
[25, 26]; [-0.05, 0]: 47450 / 11437
[25, 26]; [0, 0.05]: 47290 / 11419
[25, 26]; [0.05, 0.1]: 47681 / 11374
[25, 26]; [0.1, 0.15]: 47486 / 11298
[25, 26]; [0.15, 0.2]: 48176 / 11253
[25, 26]; [0.2, 0.25]: 47624 / 11418
[25, 26]; [0.25, 0.3]: 47941 / 11308
[25, 26]; [0.3, 0.35]: 48256 / 11420
[25, 26]; [0.35, 0.4]: 48555 / 11419
[25, 26]; [0.4, 0.45]: 49032 / 11610
[25, 26]; [0.45, 0.5]: 48423 / 11241
[25, 26]; [0.5, 0.55]: 39678 / 9342
[25, 26]; [0.55, 0.6]: 20466 / 4819
[25, 26]; [0.6, 0.65]: 3279 / 755
[25, 26]; [0.65, 0.7]: 0 / 0
[25, 26]; [0.7, 0.75]: 0 / 0
[25, 26]; [0.75, 0.8]: 0 / 0
[25, 26]; [0.8, 0.85]: 0 / 0
[25, 26]; [0.85, 0.9]: 0 / 0
[25, 26]; [0.9, 0.95]: 0 / 0
[25, 26]; [0.95, 1]: 0 / 0

[26, 27]; [-1, -0.95]: 0 / 0
[26, 27]; [-0.95, -0.9]: 0 / 0
[26, 27]; [-0.9, -0.85]: 0 / 0
[26, 27]; [-0.85, -0.8]: 0 / 0
[26, 27]; [-0.8, -0.75]: 0 / 0
[26, 27]; [-0.75, -0.7]: 0 / 0
[26, 27]; [-0.7, -0.65]: 4 / 2
[26, 27]; [-0.65, -0.6]: 5426 / 1287
[26, 27]; [-0.6, -0.55]: 23156 / 5242
[26, 27]; [-0.55, -0.5]: 36607 / 8650
[26, 27]; [-0.5, -0.45]: 41004 / 9694
[26, 27]; [-0.45, -0.4]: 40353 / 9747
[26, 27]; [-0.4, -0.35]: 40050 / 9760
[26, 27]; [-0.35, -0.3]: 39738 / 9563
[26, 27]; [-0.3, -0.25]: 39644 / 9464
[26, 27]; [-0.25, -0.2]: 39608 / 9536
[26, 27]; [-0.2, -0.15]: 38863 / 9706
[26, 27]; [-0.15, -0.1]: 39223 / 9415
[26, 27]; [-0.1, -0.05]: 38957 / 9628
[26, 27]; [-0.05, 0]: 38776 / 9667
[26, 27]; [0, 0.05]: 39218 / 9610
[26, 27]; [0.05, 0.1]: 39515 / 9759
[26, 27]; [0.1, 0.15]: 39146 / 9482
[26, 27]; [0.15, 0.2]: 39703 / 9534
[26, 27]; [0.2, 0.25]: 39000 / 9488
[26, 27]; [0.25, 0.3]: 39831 / 9564
[26, 27]; [0.3, 0.35]: 39597 / 9818
[26, 27]; [0.35, 0.4]: 39834 / 9484
[26, 27]; [0.4, 0.45]: 40266 / 9829
[26, 27]; [0.45, 0.5]: 40697 / 9840
[26, 27]; [0.5, 0.55]: 36860 / 8815
[26, 27]; [0.55, 0.6]: 23203 / 5486
[26, 27]; [0.6, 0.65]: 5423 / 1256
[26, 27]; [0.65, 0.7]: 9 / 5
[26, 27]; [0.7, 0.75]: 0 / 0
[26, 27]; [0.75, 0.8]: 0 / 0
[26, 27]; [0.8, 0.85]: 0 / 0
[26, 27]; [0.85, 0.9]: 0 / 0
[26, 27]; [0.9, 0.95]: 0 / 0
[26, 27]; [0.95, 1]: 0 / 0

[27, 28]; [-1, -0.95]: 0 / 0
[27, 28]; [-0.95, -0.9]: 0 / 0
[27, 28]; [-0.9, -0.85]: 0 / 0
[27, 28]; [-0.85, -0.8]: 0 / 0
[27, 28]; [-0.8, -0.75]: 0 / 0
[27, 28]; [-0.75, -0.7]: 0 / 0
[27, 28]; [-0.7, -0.65]: 188 / 46
[27, 28]; [-0.65, -0.6]: 7634 / 1809
[27, 28]; [-0.6, -0.55]: 23675 / 5528
[27, 28]; [-0.55, -0.5]: 32139 / 7690
[27, 28]; [-0.5, -0.45]: 33267 / 8019
[27, 28]; [-0.45, -0.4]: 32867 / 8131
[27, 28]; [-0.4, -0.35]: 32844 / 8135
[27, 28]; [-0.35, -0.3]: 32385 / 8155
[27, 28]; [-0.3, -0.25]: 32342 / 7902
[27, 28]; [-0.25, -0.2]: 32277 / 7871
[27, 28]; [-0.2, -0.15]: 32008 / 7980
[27, 28]; [-0.15, -0.1]: 32211 / 7954
[27, 28]; [-0.1, -0.05]: 31975 / 8133
[27, 28]; [-0.05, 0]: 32116 / 8019
[27, 28]; [0, 0.05]: 32117 / 7893
[27, 28]; [0.05, 0.1]: 32200 / 8116
[27, 28]; [0.1, 0.15]: 32056 / 8127
[27, 28]; [0.15, 0.2]: 32039 / 7851
[27, 28]; [0.2, 0.25]: 32350 / 7987
[27, 28]; [0.25, 0.3]: 32244 / 8039
[27, 28]; [0.3, 0.35]: 32683 / 8161
[27, 28]; [0.35, 0.4]: 32888 / 8023
[27, 28]; [0.4, 0.45]: 33116 / 8179
[27, 28]; [0.45, 0.5]: 33646 / 8099
[27, 28]; [0.5, 0.55]: 32375 / 7846
[27, 28]; [0.55, 0.6]: 23771 / 5854
[27, 28]; [0.6, 0.65]: 7749 / 1832
[27, 28]; [0.65, 0.7]: 200 / 61
[27, 28]; [0.7, 0.75]: 0 / 0
[27, 28]; [0.75, 0.8]: 0 / 0
[27, 28]; [0.8, 0.85]: 0 / 0
[27, 28]; [0.85, 0.9]: 0 / 0
[27, 28]; [0.9, 0.95]: 0 / 0
[27, 28]; [0.95, 1]: 0 / 0

[28, 29]; [-1, -0.95]: 0 / 0
[28, 29]; [-0.95, -0.9]: 0 / 0
[28, 29]; [-0.9, -0.85]: 0 / 0
[28, 29]; [-0.85, -0.8]: 0 / 0
[28, 29]; [-0.8, -0.75]: 0 / 0
[28, 29]; [-0.75, -0.7]: 0 / 0
[28, 29]; [-0.7, -0.65]: 753 / 185
[28, 29]; [-0.65, -0.6]: 10058 / 2440
[28, 29]; [-0.6, -0.55]: 22616 / 5447
[28, 29]; [-0.55, -0.5]: 27330 / 6608
[28, 29]; [-0.5, -0.45]: 27488 / 6837
[28, 29]; [-0.45, -0.4]: 27058 / 6821
[28, 29]; [-0.4, -0.35]: 27195 / 6698
[28, 29]; [-0.35, -0.3]: 26747 / 6524
[28, 29]; [-0.3, -0.25]: 26368 / 6577
[28, 29]; [-0.25, -0.2]: 26547 / 6624
[28, 29]; [-0.2, -0.15]: 26780 / 6553
[28, 29]; [-0.15, -0.1]: 26399 / 6693
[28, 29]; [-0.1, -0.05]: 26478 / 6713
[28, 29]; [-0.05, 0]: 26479 / 6700
[28, 29]; [0, 0.05]: 26319 / 6719
[28, 29]; [0.05, 0.1]: 26788 / 6581
[28, 29]; [0.1, 0.15]: 26320 / 6744
[28, 29]; [0.15, 0.2]: 26409 / 6722
[28, 29]; [0.2, 0.25]: 26534 / 6680
[28, 29]; [0.25, 0.3]: 26929 / 6751
[28, 29]; [0.3, 0.35]: 26968 / 6640
[28, 29]; [0.35, 0.4]: 27089 / 6786
[28, 29]; [0.4, 0.45]: 27220 / 6854
[28, 29]; [0.45, 0.5]: 27488 / 6910
[28, 29]; [0.5, 0.55]: 27676 / 6803
[28, 29]; [0.55, 0.6]: 22544 / 5411
[28, 29]; [0.6, 0.65]: 9743 / 2361
[28, 29]; [0.65, 0.7]: 721 / 181
[28, 29]; [0.7, 0.75]: 0 / 0
[28, 29]; [0.75, 0.8]: 0 / 0
[28, 29]; [0.8, 0.85]: 0 / 0
[28, 29]; [0.85, 0.9]: 0 / 0
[28, 29]; [0.9, 0.95]: 0 / 0
[28, 29]; [0.95, 1]: 0 / 0

[29, 30]; [-1, -0.95]: 0 / 0
[29, 30]; [-0.95, -0.9]: 0 / 0
[29, 30]; [-0.9, -0.85]: 0 / 0
[29, 30]; [-0.85, -0.8]: 0 / 0
[29, 30]; [-0.8, -0.75]: 0 / 0
[29, 30]; [-0.75, -0.7]: 0 / 0
[29, 30]; [-0.7, -0.65]: 1431 / 381
[29, 30]; [-0.65, -0.6]: 11393 / 2755
[29, 30]; [-0.6, -0.55]: 20590 / 5166
[29, 30]; [-0.55, -0.5]: 23194 / 5751
[29, 30]; [-0.5, -0.45]: 22943 / 5879
[29, 30]; [-0.45, -0.4]: 22564 / 5682
[29, 30]; [-0.4, -0.35]: 22144 / 5658
[29, 30]; [-0.35, -0.3]: 22205 / 5609
[29, 30]; [-0.3, -0.25]: 22089 / 5502
[29, 30]; [-0.25, -0.2]: 21944 / 5620
[29, 30]; [-0.2, -0.15]: 22099 / 5614
[29, 30]; [-0.15, -0.1]: 21793 / 5498
[29, 30]; [-0.1, -0.05]: 21918 / 5615
[29, 30]; [-0.05, 0]: 21879 / 5734
[29, 30]; [0, 0.05]: 22112 / 5516
[29, 30]; [0.05, 0.1]: 21925 / 5651
[29, 30]; [0.1, 0.15]: 21897 / 5756
[29, 30]; [0.15, 0.2]: 21987 / 5589
[29, 30]; [0.2, 0.25]: 22401 / 5578
[29, 30]; [0.25, 0.3]: 22106 / 5657
[29, 30]; [0.3, 0.35]: 22009 / 5611
[29, 30]; [0.35, 0.4]: 22314 / 5662
[29, 30]; [0.4, 0.45]: 22599 / 5598
[29, 30]; [0.45, 0.5]: 23135 / 5789
[29, 30]; [0.5, 0.55]: 22992 / 5869
[29, 30]; [0.55, 0.6]: 21054 / 5210
[29, 30]; [0.6, 0.65]: 11469 / 2736
[29, 30]; [0.65, 0.7]: 1469 / 371
[29, 30]; [0.7, 0.75]: 0 / 0
[29, 30]; [0.75, 0.8]: 0 / 0
[29, 30]; [0.8, 0.85]: 0 / 0
[29, 30]; [0.85, 0.9]: 0 / 0
[29, 30]; [0.9, 0.95]: 0 / 0
[29, 30]; [0.95, 1]: 0 / 0

[30, 31]; [-1, -0.95]: 0 / 0
[30, 31]; [-0.95, -0.9]: 0 / 0
[30, 31]; [-0.9, -0.85]: 0 / 0
[30, 31]; [-0.85, -0.8]: 0 / 0
[30, 31]; [-0.8, -0.75]: 0 / 0
[30, 31]; [-0.75, -0.7]: 0 / 0
[30, 31]; [-0.7, -0.65]: 2422 / 522
[30, 31]; [-0.65, -0.6]: 12138 / 2884
[30, 31]; [-0.6, -0.55]: 18523 / 4642
[30, 31]; [-0.55, -0.5]: 19357 / 4938
[30, 31]; [-0.5, -0.45]: 19291 / 4845
[30, 31]; [-0.45, -0.4]: 19015 / 4815
[30, 31]; [-0.4, -0.35]: 18615 / 4664
[30, 31]; [-0.35, -0.3]: 18663 / 4731
[30, 31]; [-0.3, -0.25]: 18386 / 4724
[30, 31]; [-0.25, -0.2]: 18457 / 4604
[30, 31]; [-0.2, -0.15]: 18475 / 4868
[30, 31]; [-0.15, -0.1]: 18196 / 4695
[30, 31]; [-0.1, -0.05]: 18260 / 4787
[30, 31]; [-0.05, 0]: 18521 / 4632
[30, 31]; [0, 0.05]: 18175 / 4700
[30, 31]; [0.05, 0.1]: 18113 / 4584
[30, 31]; [0.1, 0.15]: 18399 / 4773
[30, 31]; [0.15, 0.2]: 18374 / 4793
[30, 31]; [0.2, 0.25]: 18471 / 4617
[30, 31]; [0.25, 0.3]: 18807 / 4831
[30, 31]; [0.3, 0.35]: 18792 / 4689
[30, 31]; [0.35, 0.4]: 18816 / 4747
[30, 31]; [0.4, 0.45]: 18788 / 4805
[30, 31]; [0.45, 0.5]: 19042 / 4878
[30, 31]; [0.5, 0.55]: 19342 / 4876
[30, 31]; [0.55, 0.6]: 18739 / 4572
[30, 31]; [0.6, 0.65]: 12238 / 3051
[30, 31]; [0.65, 0.7]: 2326 / 598
[30, 31]; [0.7, 0.75]: 0 / 0
[30, 31]; [0.75, 0.8]: 0 / 0
[30, 31]; [0.8, 0.85]: 0 / 0
[30, 31]; [0.85, 0.9]: 0 / 0
[30, 31]; [0.9, 0.95]: 0 / 0
[30, 31]; [0.95, 1]: 0 / 0

[31, 32]; [-1, -0.95]: 0 / 0
[31, 32]; [-0.95, -0.9]: 0 / 0
[31, 32]; [-0.9, -0.85]: 0 / 0
[31, 32]; [-0.85, -0.8]: 0 / 0
[31, 32]; [-0.8, -0.75]: 0 / 0
[31, 32]; [-0.75, -0.7]: 7 / 2
[31, 32]; [-0.7, -0.65]: 3230 / 830
[31, 32]; [-0.65, -0.6]: 12225 / 2911
[31, 32]; [-0.6, -0.55]: 16125 / 4023
[31, 32]; [-0.55, -0.5]: 16149 / 4032
[31, 32]; [-0.5, -0.45]: 16007 / 4032
[31, 32]; [-0.45, -0.4]: 15734 / 4142
[31, 32]; [-0.4, -0.35]: 15639 / 3957
[31, 32]; [-0.35, -0.3]: 15668 / 3885
[31, 32]; [-0.3, -0.25]: 15417 / 4035
[31, 32]; [-0.25, -0.2]: 15334 / 3984
[31, 32]; [-0.2, -0.15]: 15486 / 3965
[31, 32]; [-0.15, -0.1]: 15310 / 4152
[31, 32]; [-0.1, -0.05]: 15319 / 4123
[31, 32]; [-0.05, 0]: 15206 / 3884
[31, 32]; [0, 0.05]: 15356 / 3997
[31, 32]; [0.05, 0.1]: 15370 / 3996
[31, 32]; [0.1, 0.15]: 15395 / 4003
[31, 32]; [0.15, 0.2]: 15430 / 4005
[31, 32]; [0.2, 0.25]: 15316 / 3940
[31, 32]; [0.25, 0.3]: 15711 / 4030
[31, 32]; [0.3, 0.35]: 15646 / 3943
[31, 32]; [0.35, 0.4]: 15541 / 3882
[31, 32]; [0.4, 0.45]: 15832 / 4094
[31, 32]; [0.45, 0.5]: 16007 / 4090
[31, 32]; [0.5, 0.55]: 16315 / 4146
[31, 32]; [0.55, 0.6]: 16311 / 3977
[31, 32]; [0.6, 0.65]: 12343 / 3077
[31, 32]; [0.65, 0.7]: 3390 / 856
[31, 32]; [0.7, 0.75]: 14 / 2
[31, 32]; [0.75, 0.8]: 0 / 0
[31, 32]; [0.8, 0.85]: 0 / 0
[31, 32]; [0.85, 0.9]: 0 / 0
[31, 32]; [0.9, 0.95]: 0 / 0
[31, 32]; [0.95, 1]: 0 / 0

[32, 33]; [-1, -0.95]: 0 / 0
[32, 33]; [-0.95, -0.9]: 0 / 0
[32, 33]; [-0.9, -0.85]: 0 / 0
[32, 33]; [-0.85, -0.8]: 0 / 0
[32, 33]; [-0.8, -0.75]: 0 / 0
[32, 33]; [-0.75, -0.7]: 107 / 22
[32, 33]; [-0.7, -0.65]: 4405 / 998
[32, 33]; [-0.65, -0.6]: 11627 / 2816
[32, 33]; [-0.6, -0.55]: 13788 / 3362
[32, 33]; [-0.55, -0.5]: 13800 / 3340
[32, 33]; [-0.5, -0.45]: 13371 / 3406
[32, 33]; [-0.45, -0.4]: 13692 / 3425
[32, 33]; [-0.4, -0.35]: 13326 / 3378
[32, 33]; [-0.35, -0.3]: 13303 / 3492
[32, 33]; [-0.3, -0.25]: 13181 / 3505
[32, 33]; [-0.25, -0.2]: 12894 / 3321
[32, 33]; [-0.2, -0.15]: 13100 / 3409
[32, 33]; [-0.15, -0.1]: 13167 / 3492
[32, 33]; [-0.1, -0.05]: 12963 / 3316
[32, 33]; [-0.05, 0]: 13006 / 3405
[32, 33]; [0, 0.05]: 12756 / 3299
[32, 33]; [0.05, 0.1]: 12738 / 3445
[32, 33]; [0.1, 0.15]: 12823 / 3410
[32, 33]; [0.15, 0.2]: 13037 / 3273
[32, 33]; [0.2, 0.25]: 13080 / 3326
[32, 33]; [0.25, 0.3]: 13301 / 3367
[32, 33]; [0.3, 0.35]: 13202 / 3366
[32, 33]; [0.35, 0.4]: 13292 / 3435
[32, 33]; [0.4, 0.45]: 13308 / 3410
[32, 33]; [0.45, 0.5]: 13568 / 3448
[32, 33]; [0.5, 0.55]: 13788 / 3401
[32, 33]; [0.55, 0.6]: 13925 / 3529
[32, 33]; [0.6, 0.65]: 11687 / 2885
[32, 33]; [0.65, 0.7]: 4259 / 1055
[32, 33]; [0.7, 0.75]: 97 / 22
[32, 33]; [0.75, 0.8]: 0 / 0
[32, 33]; [0.8, 0.85]: 0 / 0
[32, 33]; [0.85, 0.9]: 0 / 0
[32, 33]; [0.9, 0.95]: 0 / 0
[32, 33]; [0.95, 1]: 0 / 0

[33, 34]; [-1, -0.95]: 0 / 0
[33, 34]; [-0.95, -0.9]: 0 / 0
[33, 34]; [-0.9, -0.85]: 0 / 0
[33, 34]; [-0.85, -0.8]: 0 / 0
[33, 34]; [-0.8, -0.75]: 0 / 0
[33, 34]; [-0.75, -0.7]: 237 / 62
[33, 34]; [-0.7, -0.65]: 5082 / 1188
[33, 34]; [-0.65, -0.6]: 10885 / 2655
[33, 34]; [-0.6, -0.55]: 11706 / 2887
[33, 34]; [-0.55, -0.5]: 11660 / 2900
[33, 34]; [-0.5, -0.45]: 11459 / 2932
[33, 34]; [-0.45, -0.4]: 11360 / 2795
[33, 34]; [-0.4, -0.35]: 11406 / 2884
[33, 34]; [-0.35, -0.3]: 11200 / 2777
[33, 34]; [-0.3, -0.25]: 11006 / 2734
[33, 34]; [-0.25, -0.2]: 11085 / 2838
[33, 34]; [-0.2, -0.15]: 11042 / 2735
[33, 34]; [-0.15, -0.1]: 11008 / 2834
[33, 34]; [-0.1, -0.05]: 10981 / 2927
[33, 34]; [-0.05, 0]: 11120 / 2885
[33, 34]; [0, 0.05]: 11009 / 2847
[33, 34]; [0.05, 0.1]: 10912 / 2839
[33, 34]; [0.1, 0.15]: 11001 / 2822
[33, 34]; [0.15, 0.2]: 11128 / 2815
[33, 34]; [0.2, 0.25]: 11115 / 2889
[33, 34]; [0.25, 0.3]: 11156 / 2864
[33, 34]; [0.3, 0.35]: 11213 / 2795
[33, 34]; [0.35, 0.4]: 11320 / 2906
[33, 34]; [0.4, 0.45]: 11392 / 2919
[33, 34]; [0.45, 0.5]: 11427 / 2892
[33, 34]; [0.5, 0.55]: 11754 / 2858
[33, 34]; [0.55, 0.6]: 11610 / 2981
[33, 34]; [0.6, 0.65]: 10925 / 2685
[33, 34]; [0.65, 0.7]: 5086 / 1215
[33, 34]; [0.7, 0.75]: 279 / 64
[33, 34]; [0.75, 0.8]: 0 / 0
[33, 34]; [0.8, 0.85]: 0 / 0
[33, 34]; [0.85, 0.9]: 0 / 0
[33, 34]; [0.9, 0.95]: 0 / 0
[33, 34]; [0.95, 1]: 0 / 0

[34, 35]; [-1, -0.95]: 0 / 0
[34, 35]; [-0.95, -0.9]: 0 / 0
[34, 35]; [-0.9, -0.85]: 0 / 0
[34, 35]; [-0.85, -0.8]: 0 / 0
[34, 35]; [-0.8, -0.75]: 0 / 0
[34, 35]; [-0.75, -0.7]: 494 / 132
[34, 35]; [-0.7, -0.65]: 5589 / 1369
[34, 35]; [-0.65, -0.6]: 9856 / 2357
[34, 35]; [-0.6, -0.55]: 10151 / 2569
[34, 35]; [-0.55, -0.5]: 9827 / 2513
[34, 35]; [-0.5, -0.45]: 9719 / 2546
[34, 35]; [-0.45, -0.4]: 9657 / 2439
[34, 35]; [-0.4, -0.35]: 9586 / 2423
[34, 35]; [-0.35, -0.3]: 9541 / 2457
[34, 35]; [-0.3, -0.25]: 9528 / 2425
[34, 35]; [-0.25, -0.2]: 9351 / 2501
[34, 35]; [-0.2, -0.15]: 9399 / 2466
[34, 35]; [-0.15, -0.1]: 9402 / 2463
[34, 35]; [-0.1, -0.05]: 9380 / 2466
[34, 35]; [-0.05, 0]: 9402 / 2418
[34, 35]; [0, 0.05]: 9291 / 2326
[34, 35]; [0.05, 0.1]: 9414 / 2388
[34, 35]; [0.1, 0.15]: 9427 / 2404
[34, 35]; [0.15, 0.2]: 9314 / 2420
[34, 35]; [0.2, 0.25]: 9438 / 2467
[34, 35]; [0.25, 0.3]: 9428 / 2381
[34, 35]; [0.3, 0.35]: 9688 / 2482
[34, 35]; [0.35, 0.4]: 9721 / 2527
[34, 35]; [0.4, 0.45]: 9664 / 2524
[34, 35]; [0.45, 0.5]: 9740 / 2472
[34, 35]; [0.5, 0.55]: 10075 / 2477
[34, 35]; [0.55, 0.6]: 9952 / 2595
[34, 35]; [0.6, 0.65]: 9662 / 2460
[34, 35]; [0.65, 0.7]: 5501 / 1376
[34, 35]; [0.7, 0.75]: 513 / 114
[34, 35]; [0.75, 0.8]: 0 / 0
[34, 35]; [0.8, 0.85]: 0 / 0
[34, 35]; [0.85, 0.9]: 0 / 0
[34, 35]; [0.9, 0.95]: 0 / 0
[34, 35]; [0.95, 1]: 0 / 0

[35, 36]; [-1, -0.95]: 0 / 0
[35, 36]; [-0.95, -0.9]: 0 / 0
[35, 36]; [-0.9, -0.85]: 0 / 0
[35, 36]; [-0.85, -0.8]: 0 / 0
[35, 36]; [-0.8, -0.75]: 0 / 0
[35, 36]; [-0.75, -0.7]: 789 / 176
[35, 36]; [-0.7, -0.65]: 5810 / 1389
[35, 36]; [-0.65, -0.6]: 8782 / 2137
[35, 36]; [-0.6, -0.55]: 8727 / 2157
[35, 36]; [-0.55, -0.5]: 8656 / 2197
[35, 36]; [-0.5, -0.45]: 8495 / 2097
[35, 36]; [-0.45, -0.4]: 8517 / 2111
[35, 36]; [-0.4, -0.35]: 8354 / 2044
[35, 36]; [-0.35, -0.3]: 8377 / 2029
[35, 36]; [-0.3, -0.25]: 8219 / 2090
[35, 36]; [-0.25, -0.2]: 8229 / 2132
[35, 36]; [-0.2, -0.15]: 8286 / 2076
[35, 36]; [-0.15, -0.1]: 8114 / 2090
[35, 36]; [-0.1, -0.05]: 7928 / 2071
[35, 36]; [-0.05, 0]: 8159 / 2110
[35, 36]; [0, 0.05]: 8081 / 2115
[35, 36]; [0.05, 0.1]: 8078 / 2086
[35, 36]; [0.1, 0.15]: 7983 / 2032
[35, 36]; [0.15, 0.2]: 8026 / 2156
[35, 36]; [0.2, 0.25]: 8087 / 2120
[35, 36]; [0.25, 0.3]: 8124 / 2146
[35, 36]; [0.3, 0.35]: 8262 / 2173
[35, 36]; [0.35, 0.4]: 8432 / 2079
[35, 36]; [0.4, 0.45]: 8480 / 2111
[35, 36]; [0.45, 0.5]: 8386 / 2164
[35, 36]; [0.5, 0.55]: 8550 / 2192
[35, 36]; [0.55, 0.6]: 8805 / 2148
[35, 36]; [0.6, 0.65]: 8453 / 2088
[35, 36]; [0.65, 0.7]: 5752 / 1411
[35, 36]; [0.7, 0.75]: 739 / 226
[35, 36]; [0.75, 0.8]: 0 / 0
[35, 36]; [0.8, 0.85]: 0 / 0
[35, 36]; [0.85, 0.9]: 0 / 0
[35, 36]; [0.9, 0.95]: 0 / 0
[35, 36]; [0.95, 1]: 0 / 0

[36, 37]; [-1, -0.95]: 0 / 0
[36, 37]; [-0.95, -0.9]: 0 / 0
[36, 37]; [-0.9, -0.85]: 0 / 0
[36, 37]; [-0.85, -0.8]: 0 / 0
[36, 37]; [-0.8, -0.75]: 0 / 0
[36, 37]; [-0.75, -0.7]: 1028 / 244
[36, 37]; [-0.7, -0.65]: 5680 / 1322
[36, 37]; [-0.65, -0.6]: 7647 / 1821
[36, 37]; [-0.6, -0.55]: 7343 / 1970
[36, 37]; [-0.55, -0.5]: 7311 / 1893
[36, 37]; [-0.5, -0.45]: 7102 / 1817
[36, 37]; [-0.45, -0.4]: 7103 / 1796
[36, 37]; [-0.4, -0.35]: 6989 / 1791
[36, 37]; [-0.35, -0.3]: 7038 / 1813
[36, 37]; [-0.3, -0.25]: 7191 / 1799
[36, 37]; [-0.25, -0.2]: 6985 / 1737
[36, 37]; [-0.2, -0.15]: 6974 / 1803
[36, 37]; [-0.15, -0.1]: 6990 / 1799
[36, 37]; [-0.1, -0.05]: 6941 / 1784
[36, 37]; [-0.05, 0]: 7085 / 1747
[36, 37]; [0, 0.05]: 6775 / 1860
[36, 37]; [0.05, 0.1]: 6893 / 1800
[36, 37]; [0.1, 0.15]: 6811 / 1806
[36, 37]; [0.15, 0.2]: 6936 / 1738
[36, 37]; [0.2, 0.25]: 7037 / 1756
[36, 37]; [0.25, 0.3]: 6921 / 1820
[36, 37]; [0.3, 0.35]: 6932 / 1829
[36, 37]; [0.35, 0.4]: 7115 / 1820
[36, 37]; [0.4, 0.45]: 7349 / 1804
[36, 37]; [0.45, 0.5]: 7303 / 1779
[36, 37]; [0.5, 0.55]: 7382 / 1813
[36, 37]; [0.55, 0.6]: 7462 / 1812
[36, 37]; [0.6, 0.65]: 7510 / 1876
[36, 37]; [0.65, 0.7]: 5922 / 1419
[36, 37]; [0.7, 0.75]: 1115 / 247
[36, 37]; [0.75, 0.8]: 0 / 0
[36, 37]; [0.8, 0.85]: 0 / 0
[36, 37]; [0.85, 0.9]: 0 / 0
[36, 37]; [0.9, 0.95]: 0 / 0
[36, 37]; [0.95, 1]: 0 / 0

[37, 38]; [-1, -0.95]: 0 / 0
[37, 38]; [-0.95, -0.9]: 0 / 0
[37, 38]; [-0.9, -0.85]: 0 / 0
[37, 38]; [-0.85, -0.8]: 0 / 0
[37, 38]; [-0.8, -0.75]: 0 / 0
[37, 38]; [-0.75, -0.7]: 1464 / 371
[37, 38]; [-0.7, -0.65]: 5546 / 1413
[37, 38]; [-0.65, -0.6]: 6598 / 1621
[37, 38]; [-0.6, -0.55]: 6473 / 1643
[37, 38]; [-0.55, -0.5]: 6285 / 1540
[37, 38]; [-0.5, -0.45]: 6202 / 1621
[37, 38]; [-0.45, -0.4]: 6212 / 1566
[37, 38]; [-0.4, -0.35]: 6140 / 1518
[37, 38]; [-0.35, -0.3]: 6040 / 1614
[37, 38]; [-0.3, -0.25]: 6006 / 1516
[37, 38]; [-0.25, -0.2]: 6103 / 1606
[37, 38]; [-0.2, -0.15]: 6040 / 1598
[37, 38]; [-0.15, -0.1]: 5947 / 1489
[37, 38]; [-0.1, -0.05]: 5915 / 1527
[37, 38]; [-0.05, 0]: 5816 / 1507
[37, 38]; [0, 0.05]: 5932 / 1480
[37, 38]; [0.05, 0.1]: 5856 / 1518
[37, 38]; [0.1, 0.15]: 5933 / 1522
[37, 38]; [0.15, 0.2]: 5914 / 1543
[37, 38]; [0.2, 0.25]: 5983 / 1593
[37, 38]; [0.25, 0.3]: 6020 / 1485
[37, 38]; [0.3, 0.35]: 6203 / 1553
[37, 38]; [0.35, 0.4]: 6301 / 1633
[37, 38]; [0.4, 0.45]: 6187 / 1618
[37, 38]; [0.45, 0.5]: 6324 / 1576
[37, 38]; [0.5, 0.55]: 6379 / 1682
[37, 38]; [0.55, 0.6]: 6370 / 1594
[37, 38]; [0.6, 0.65]: 6592 / 1587
[37, 38]; [0.65, 0.7]: 5587 / 1398
[37, 38]; [0.7, 0.75]: 1504 / 367
[37, 38]; [0.75, 0.8]: 0 / 0
[37, 38]; [0.8, 0.85]: 0 / 0
[37, 38]; [0.85, 0.9]: 0 / 0
[37, 38]; [0.9, 0.95]: 0 / 0
[37, 38]; [0.95, 1]: 0 / 0

[38, 39]; [-1, -0.95]: 0 / 0
[38, 39]; [-0.95, -0.9]: 0 / 0
[38, 39]; [-0.9, -0.85]: 0 / 0
[38, 39]; [-0.85, -0.8]: 0 / 0
[38, 39]; [-0.8, -0.75]: 3 / 1
[38, 39]; [-0.75, -0.7]: 1842 / 419
[38, 39]; [-0.7, -0.65]: 5037 / 1235
[38, 39]; [-0.65, -0.6]: 5616 / 1347
[38, 39]; [-0.6, -0.55]: 5486 / 1395
[38, 39]; [-0.55, -0.5]: 5437 / 1353
[38, 39]; [-0.5, -0.45]: 5454 / 1371
[38, 39]; [-0.45, -0.4]: 5359 / 1350
[38, 39]; [-0.4, -0.35]: 5369 / 1345
[38, 39]; [-0.35, -0.3]: 5375 / 1350
[38, 39]; [-0.3, -0.25]: 5293 / 1335
[38, 39]; [-0.25, -0.2]: 5313 / 1380
[38, 39]; [-0.2, -0.15]: 5177 / 1363
[38, 39]; [-0.15, -0.1]: 5122 / 1322
[38, 39]; [-0.1, -0.05]: 5111 / 1320
[38, 39]; [-0.05, 0]: 5196 / 1252
[38, 39]; [0, 0.05]: 5217 / 1345
[38, 39]; [0.05, 0.1]: 5118 / 1360
[38, 39]; [0.1, 0.15]: 5276 / 1293
[38, 39]; [0.15, 0.2]: 5320 / 1291
[38, 39]; [0.2, 0.25]: 5266 / 1394
[38, 39]; [0.25, 0.3]: 5311 / 1296
[38, 39]; [0.3, 0.35]: 5242 / 1394
[38, 39]; [0.35, 0.4]: 5375 / 1311
[38, 39]; [0.4, 0.45]: 5455 / 1410
[38, 39]; [0.45, 0.5]: 5541 / 1384
[38, 39]; [0.5, 0.55]: 5649 / 1349
[38, 39]; [0.55, 0.6]: 5565 / 1359
[38, 39]; [0.6, 0.65]: 5777 / 1492
[38, 39]; [0.65, 0.7]: 5135 / 1282
[38, 39]; [0.7, 0.75]: 1798 / 456
[38, 39]; [0.75, 0.8]: 3 / 0
[38, 39]; [0.8, 0.85]: 0 / 0
[38, 39]; [0.85, 0.9]: 0 / 0
[38, 39]; [0.9, 0.95]: 0 / 0
[38, 39]; [0.95, 1]: 0 / 0

[39, 40]; [-1, -0.95]: 0 / 0
[39, 40]; [-0.95, -0.9]: 0 / 0
[39, 40]; [-0.9, -0.85]: 0 / 0
[39, 40]; [-0.85, -0.8]: 0 / 0
[39, 40]; [-0.8, -0.75]: 33 / 2
[39, 40]; [-0.75, -0.7]: 2046 / 506
[39, 40]; [-0.7, -0.65]: 4808 / 1110
[39, 40]; [-0.65, -0.6]: 5014 / 1128
[39, 40]; [-0.6, -0.55]: 4857 / 1201
[39, 40]; [-0.55, -0.5]: 4802 / 1247
[39, 40]; [-0.5, -0.45]: 4597 / 1189
[39, 40]; [-0.45, -0.4]: 4489 / 1202
[39, 40]; [-0.4, -0.35]: 4688 / 1249
[39, 40]; [-0.35, -0.3]: 4537 / 1177
[39, 40]; [-0.3, -0.25]: 4518 / 1217
[39, 40]; [-0.25, -0.2]: 4576 / 1188
[39, 40]; [-0.2, -0.15]: 4614 / 1127
[39, 40]; [-0.15, -0.1]: 4452 / 1131
[39, 40]; [-0.1, -0.05]: 4340 / 1164
[39, 40]; [-0.05, 0]: 4467 / 1187
[39, 40]; [0, 0.05]: 4561 / 1122
[39, 40]; [0.05, 0.1]: 4571 / 1133
[39, 40]; [0.1, 0.15]: 4492 / 1166
[39, 40]; [0.15, 0.2]: 4433 / 1166
[39, 40]; [0.2, 0.25]: 4580 / 1218
[39, 40]; [0.25, 0.3]: 4633 / 1172
[39, 40]; [0.3, 0.35]: 4649 / 1210
[39, 40]; [0.35, 0.4]: 4667 / 1168
[39, 40]; [0.4, 0.45]: 4642 / 1130
[39, 40]; [0.45, 0.5]: 4684 / 1190
[39, 40]; [0.5, 0.55]: 4733 / 1198
[39, 40]; [0.55, 0.6]: 4936 / 1211
[39, 40]; [0.6, 0.65]: 5013 / 1322
[39, 40]; [0.65, 0.7]: 4693 / 1176
[39, 40]; [0.7, 0.75]: 2139 / 521
[39, 40]; [0.75, 0.8]: 27 / 6
[39, 40]; [0.8, 0.85]: 0 / 0
[39, 40]; [0.85, 0.9]: 0 / 0
[39, 40]; [0.9, 0.95]: 0 / 0
[39, 40]; [0.95, 1]: 0 / 0

[40, 42]; [-1, -0.95]: 0 / 0
[40, 42]; [-0.95, -0.9]: 0 / 0
[40, 42]; [-0.9, -0.85]: 0 / 0
[40, 42]; [-0.85, -0.8]: 0 / 0
[40, 42]; [-0.8, -0.75]: 192 / 40
[40, 42]; [-0.75, -0.7]: 4615 / 1112
[40, 42]; [-0.7, -0.65]: 8183 / 2005
[40, 42]; [-0.65, -0.6]: 8035 / 2025
[40, 42]; [-0.6, -0.55]: 8042 / 1897
[40, 42]; [-0.55, -0.5]: 7866 / 1980
[40, 42]; [-0.5, -0.45]: 7557 / 1994
[40, 42]; [-0.45, -0.4]: 7670 / 1948
[40, 42]; [-0.4, -0.35]: 7603 / 1928
[40, 42]; [-0.35, -0.3]: 7590 / 1904
[40, 42]; [-0.3, -0.25]: 7392 / 1906
[40, 42]; [-0.25, -0.2]: 7332 / 1886
[40, 42]; [-0.2, -0.15]: 7495 / 1836
[40, 42]; [-0.15, -0.1]: 7368 / 1948
[40, 42]; [-0.1, -0.05]: 7347 / 1874
[40, 42]; [-0.05, 0]: 7412 / 1899
[40, 42]; [0, 0.05]: 7214 / 1810
[40, 42]; [0.05, 0.1]: 7210 / 1834
[40, 42]; [0.1, 0.15]: 7262 / 1911
[40, 42]; [0.15, 0.2]: 7330 / 1985
[40, 42]; [0.2, 0.25]: 7427 / 1913
[40, 42]; [0.25, 0.3]: 7508 / 1827
[40, 42]; [0.3, 0.35]: 7462 / 1960
[40, 42]; [0.35, 0.4]: 7681 / 1902
[40, 42]; [0.4, 0.45]: 7744 / 1913
[40, 42]; [0.45, 0.5]: 7819 / 1953
[40, 42]; [0.5, 0.55]: 7778 / 1966
[40, 42]; [0.55, 0.6]: 8008 / 1960
[40, 42]; [0.6, 0.65]: 8174 / 1973
[40, 42]; [0.65, 0.7]: 8046 / 1975
[40, 42]; [0.7, 0.75]: 4673 / 1124
[40, 42]; [0.75, 0.8]: 196 / 51
[40, 42]; [0.8, 0.85]: 0 / 0
[40, 42]; [0.85, 0.9]: 0 / 0
[40, 42]; [0.9, 0.95]: 0 / 0
[40, 42]; [0.95, 1]: 0 / 0

[42, 44]; [-1, -0.95]: 0 / 0
[42, 44]; [-0.95, -0.9]: 0 / 0
[42, 44]; [-0.9, -0.85]: 0 / 0
[42, 44]; [-0.85, -0.8]: 0 / 0
[42, 44]; [-0.8, -0.75]: 518 / 115
[42, 44]; [-0.75, -0.7]: 4719 / 1135
[42, 44]; [-0.7, -0.65]: 6377 / 1587
[42, 44]; [-0.65, -0.6]: 6345 / 1499
[42, 44]; [-0.6, -0.55]: 6090 / 1473
[42, 44]; [-0.55, -0.5]: 6038 / 1444
[42, 44]; [-0.5, -0.45]: 5994 / 1463
[42, 44]; [-0.45, -0.4]: 5908 / 1506
[42, 44]; [-0.4, -0.35]: 5832 / 1463
[42, 44]; [-0.35, -0.3]: 5881 / 1462
[42, 44]; [-0.3, -0.25]: 5731 / 1503
[42, 44]; [-0.25, -0.2]: 5639 / 1474
[42, 44]; [-0.2, -0.15]: 5600 / 1436
[42, 44]; [-0.15, -0.1]: 5517 / 1400
[42, 44]; [-0.1, -0.05]: 5570 / 1430
[42, 44]; [-0.05, 0]: 5603 / 1439
[42, 44]; [0, 0.05]: 5616 / 1423
[42, 44]; [0.05, 0.1]: 5643 / 1369
[42, 44]; [0.1, 0.15]: 5542 / 1433
[42, 44]; [0.15, 0.2]: 5769 / 1478
[42, 44]; [0.2, 0.25]: 5696 / 1468
[42, 44]; [0.25, 0.3]: 5613 / 1480
[42, 44]; [0.3, 0.35]: 5812 / 1487
[42, 44]; [0.35, 0.4]: 5852 / 1402
[42, 44]; [0.4, 0.45]: 5891 / 1417
[42, 44]; [0.45, 0.5]: 5995 / 1571
[42, 44]; [0.5, 0.55]: 6108 / 1452
[42, 44]; [0.55, 0.6]: 6095 / 1532
[42, 44]; [0.6, 0.65]: 6327 / 1559
[42, 44]; [0.65, 0.7]: 6259 / 1566
[42, 44]; [0.7, 0.75]: 4833 / 1101
[42, 44]; [0.75, 0.8]: 513 / 118
[42, 44]; [0.8, 0.85]: 0 / 0
[42, 44]; [0.85, 0.9]: 0 / 0
[42, 44]; [0.9, 0.95]: 0 / 0
[42, 44]; [0.95, 1]: 0 / 0

[44, 46]; [-1, -0.95]: 0 / 0
[44, 46]; [-0.95, -0.9]: 0 / 0
[44, 46]; [-0.9, -0.85]: 0 / 0
[44, 46]; [-0.85, -0.8]: 0 / 0
[44, 46]; [-0.8, -0.75]: 879 / 215
[44, 46]; [-0.75, -0.7]: 4419 / 1070
[44, 46]; [-0.7, -0.65]: 4985 / 1181
[44, 46]; [-0.65, -0.6]: 4809 / 1158
[44, 46]; [-0.6, -0.55]: 4764 / 1125
[44, 46]; [-0.55, -0.5]: 4577 / 1147
[44, 46]; [-0.5, -0.45]: 4478 / 1112
[44, 46]; [-0.45, -0.4]: 4528 / 1116
[44, 46]; [-0.4, -0.35]: 4499 / 1142
[44, 46]; [-0.35, -0.3]: 4371 / 1130
[44, 46]; [-0.3, -0.25]: 4504 / 1064
[44, 46]; [-0.25, -0.2]: 4478 / 1056
[44, 46]; [-0.2, -0.15]: 4242 / 1098
[44, 46]; [-0.15, -0.1]: 4367 / 1153
[44, 46]; [-0.1, -0.05]: 4396 / 1152
[44, 46]; [-0.05, 0]: 4319 / 1095
[44, 46]; [0, 0.05]: 4209 / 1096
[44, 46]; [0.05, 0.1]: 4270 / 1065
[44, 46]; [0.1, 0.15]: 4463 / 1119
[44, 46]; [0.15, 0.2]: 4429 / 1140
[44, 46]; [0.2, 0.25]: 4249 / 1109
[44, 46]; [0.25, 0.3]: 4390 / 1159
[44, 46]; [0.3, 0.35]: 4563 / 1157
[44, 46]; [0.35, 0.4]: 4499 / 1133
[44, 46]; [0.4, 0.45]: 4691 / 1204
[44, 46]; [0.45, 0.5]: 4612 / 1142
[44, 46]; [0.5, 0.55]: 4742 / 1191
[44, 46]; [0.55, 0.6]: 4689 / 1157
[44, 46]; [0.6, 0.65]: 5056 / 1179
[44, 46]; [0.65, 0.7]: 5013 / 1206
[44, 46]; [0.7, 0.75]: 4506 / 1003
[44, 46]; [0.75, 0.8]: 875 / 220
[44, 46]; [0.8, 0.85]: 0 / 0
[44, 46]; [0.85, 0.9]: 0 / 0
[44, 46]; [0.9, 0.95]: 0 / 0
[44, 46]; [0.95, 1]: 0 / 0

