[pTmin, pTmax]; [cosmin, cosmax]: PR entries / NP entries

[3.87472, 4.19761]; [-0.9, -0.85]: 0 / 0
[3.87472, 4.19761]; [-0.85, -0.8]: 0 / 0
[3.87472, 4.19761]; [-0.8, -0.75]: 0 / 0
[3.87472, 4.19761]; [-0.75, -0.7]: 0 / 0
[3.87472, 4.19761]; [-0.7, -0.65]: 0 / 0
[3.87472, 4.19761]; [-0.65, -0.6]: 0 / 0
[3.87472, 4.19761]; [-0.6, -0.55]: 0 / 0
[3.87472, 4.19761]; [-0.55, -0.5]: 0 / 0
[3.87472, 4.19761]; [-0.5, -0.45]: 0 / 0
[3.87472, 4.19761]; [-0.45, -0.4]: 0 / 0
[3.87472, 4.19761]; [-0.4, -0.35]: 0 / 0
[3.87472, 4.19761]; [-0.35, -0.3]: 266 / 147
[3.87472, 4.19761]; [-0.3, -0.25]: 11361 / 6033
[3.87472, 4.19761]; [-0.25, -0.2]: 45107 / 23922
[3.87472, 4.19761]; [-0.2, -0.15]: 95607 / 50597
[3.87472, 4.19761]; [-0.15, -0.1]: 167089 / 88560
[3.87472, 4.19761]; [-0.1, -0.05]: 222260 / 116780
[3.87472, 4.19761]; [-0.05, 0]: 245262 / 128610
[3.87472, 4.19761]; [0, 0.05]: 244306 / 128875
[3.87472, 4.19761]; [0.05, 0.1]: 221799 / 116902
[3.87472, 4.19761]; [0.1, 0.15]: 166578 / 87646
[3.87472, 4.19761]; [0.15, 0.2]: 95625 / 50737
[3.87472, 4.19761]; [0.2, 0.25]: 45663 / 23940
[3.87472, 4.19761]; [0.25, 0.3]: 11377 / 6204
[3.87472, 4.19761]; [0.3, 0.35]: 297 / 168
[3.87472, 4.19761]; [0.35, 0.4]: 0 / 0
[3.87472, 4.19761]; [0.4, 0.45]: 0 / 0
[3.87472, 4.19761]; [0.45, 0.5]: 0 / 0
[3.87472, 4.19761]; [0.5, 0.55]: 0 / 0
[3.87472, 4.19761]; [0.55, 0.6]: 0 / 0
[3.87472, 4.19761]; [0.6, 0.65]: 0 / 0
[3.87472, 4.19761]; [0.65, 0.7]: 0 / 0
[3.87472, 4.19761]; [0.7, 0.75]: 0 / 0
[3.87472, 4.19761]; [0.75, 0.8]: 0 / 0
[3.87472, 4.19761]; [0.8, 0.85]: 0 / 0
[3.87472, 4.19761]; [0.85, 0.9]: 0 / 0

[4.19761, 4.5205]; [-0.9, -0.85]: 0 / 0
[4.19761, 4.5205]; [-0.85, -0.8]: 0 / 0
[4.19761, 4.5205]; [-0.8, -0.75]: 0 / 0
[4.19761, 4.5205]; [-0.75, -0.7]: 0 / 0
[4.19761, 4.5205]; [-0.7, -0.65]: 0 / 0
[4.19761, 4.5205]; [-0.65, -0.6]: 0 / 0
[4.19761, 4.5205]; [-0.6, -0.55]: 0 / 0
[4.19761, 4.5205]; [-0.55, -0.5]: 0 / 0
[4.19761, 4.5205]; [-0.5, -0.45]: 0 / 0
[4.19761, 4.5205]; [-0.45, -0.4]: 0 / 0
[4.19761, 4.5205]; [-0.4, -0.35]: 116 / 82
[4.19761, 4.5205]; [-0.35, -0.3]: 7962 / 4832
[4.19761, 4.5205]; [-0.3, -0.25]: 34105 / 19911
[4.19761, 4.5205]; [-0.25, -0.2]: 74595 / 43648
[4.19761, 4.5205]; [-0.2, -0.15]: 128091 / 75053
[4.19761, 4.5205]; [-0.15, -0.1]: 170455 / 99003
[4.19761, 4.5205]; [-0.1, -0.05]: 198728 / 115966
[4.19761, 4.5205]; [-0.05, 0]: 217003 / 126320
[4.19761, 4.5205]; [0, 0.05]: 215590 / 125941
[4.19761, 4.5205]; [0.05, 0.1]: 198181 / 116403
[4.19761, 4.5205]; [0.1, 0.15]: 169694 / 98783
[4.19761, 4.5205]; [0.15, 0.2]: 129093 / 75103
[4.19761, 4.5205]; [0.2, 0.25]: 73638 / 43120
[4.19761, 4.5205]; [0.25, 0.3]: 34092 / 20068
[4.19761, 4.5205]; [0.3, 0.35]: 8035 / 4833
[4.19761, 4.5205]; [0.35, 0.4]: 130 / 79
[4.19761, 4.5205]; [0.4, 0.45]: 0 / 0
[4.19761, 4.5205]; [0.45, 0.5]: 0 / 0
[4.19761, 4.5205]; [0.5, 0.55]: 0 / 0
[4.19761, 4.5205]; [0.55, 0.6]: 0 / 0
[4.19761, 4.5205]; [0.6, 0.65]: 0 / 0
[4.19761, 4.5205]; [0.65, 0.7]: 0 / 0
[4.19761, 4.5205]; [0.7, 0.75]: 0 / 0
[4.19761, 4.5205]; [0.75, 0.8]: 0 / 0
[4.19761, 4.5205]; [0.8, 0.85]: 0 / 0
[4.19761, 4.5205]; [0.85, 0.9]: 0 / 0

[4.5205, 4.8434]; [-0.9, -0.85]: 0 / 0
[4.5205, 4.8434]; [-0.85, -0.8]: 0 / 0
[4.5205, 4.8434]; [-0.8, -0.75]: 0 / 0
[4.5205, 4.8434]; [-0.75, -0.7]: 0 / 0
[4.5205, 4.8434]; [-0.7, -0.65]: 0 / 0
[4.5205, 4.8434]; [-0.65, -0.6]: 0 / 0
[4.5205, 4.8434]; [-0.6, -0.55]: 0 / 0
[4.5205, 4.8434]; [-0.55, -0.5]: 0 / 0
[4.5205, 4.8434]; [-0.5, -0.45]: 0 / 0
[4.5205, 4.8434]; [-0.45, -0.4]: 8 / 4
[4.5205, 4.8434]; [-0.4, -0.35]: 3976 / 2710
[4.5205, 4.8434]; [-0.35, -0.3]: 22671 / 14531
[4.5205, 4.8434]; [-0.3, -0.25]: 52848 / 33764
[4.5205, 4.8434]; [-0.25, -0.2]: 93399 / 59742
[4.5205, 4.8434]; [-0.2, -0.15]: 122799 / 78788
[4.5205, 4.8434]; [-0.15, -0.1]: 141588 / 90731
[4.5205, 4.8434]; [-0.1, -0.05]: 155072 / 98961
[4.5205, 4.8434]; [-0.05, 0]: 159408 / 102708
[4.5205, 4.8434]; [0, 0.05]: 159733 / 101717
[4.5205, 4.8434]; [0.05, 0.1]: 154790 / 98792
[4.5205, 4.8434]; [0.1, 0.15]: 141917 / 90449
[4.5205, 4.8434]; [0.15, 0.2]: 121976 / 78276
[4.5205, 4.8434]; [0.2, 0.25]: 92628 / 59554
[4.5205, 4.8434]; [0.25, 0.3]: 52450 / 33668
[4.5205, 4.8434]; [0.3, 0.35]: 22533 / 14474
[4.5205, 4.8434]; [0.35, 0.4]: 4085 / 2722
[4.5205, 4.8434]; [0.4, 0.45]: 7 / 8
[4.5205, 4.8434]; [0.45, 0.5]: 0 / 0
[4.5205, 4.8434]; [0.5, 0.55]: 0 / 0
[4.5205, 4.8434]; [0.55, 0.6]: 0 / 0
[4.5205, 4.8434]; [0.6, 0.65]: 0 / 0
[4.5205, 4.8434]; [0.65, 0.7]: 0 / 0
[4.5205, 4.8434]; [0.7, 0.75]: 0 / 0
[4.5205, 4.8434]; [0.75, 0.8]: 0 / 0
[4.5205, 4.8434]; [0.8, 0.85]: 0 / 0
[4.5205, 4.8434]; [0.85, 0.9]: 0 / 0

[4.8434, 5.16629]; [-0.9, -0.85]: 0 / 0
[4.8434, 5.16629]; [-0.85, -0.8]: 0 / 0
[4.8434, 5.16629]; [-0.8, -0.75]: 0 / 0
[4.8434, 5.16629]; [-0.75, -0.7]: 0 / 0
[4.8434, 5.16629]; [-0.7, -0.65]: 0 / 0
[4.8434, 5.16629]; [-0.65, -0.6]: 0 / 0
[4.8434, 5.16629]; [-0.6, -0.55]: 0 / 0
[4.8434, 5.16629]; [-0.55, -0.5]: 0 / 0
[4.8434, 5.16629]; [-0.5, -0.45]: 0 / 0
[4.8434, 5.16629]; [-0.45, -0.4]: 1334 / 943
[4.8434, 5.16629]; [-0.4, -0.35]: 13030 / 9031
[4.8434, 5.16629]; [-0.35, -0.3]: 34896 / 24003
[4.8434, 5.16629]; [-0.3, -0.25]: 65250 / 45142
[4.8434, 5.16629]; [-0.25, -0.2]: 87250 / 60220
[4.8434, 5.16629]; [-0.2, -0.15]: 100778 / 70048
[4.8434, 5.16629]; [-0.15, -0.1]: 110117 / 76693
[4.8434, 5.16629]; [-0.1, -0.05]: 112055 / 78129
[4.8434, 5.16629]; [-0.05, 0]: 112975 / 78445
[4.8434, 5.16629]; [0, 0.05]: 112494 / 78912
[4.8434, 5.16629]; [0.05, 0.1]: 112114 / 78439
[4.8434, 5.16629]; [0.1, 0.15]: 110675 / 76504
[4.8434, 5.16629]; [0.15, 0.2]: 101322 / 70316
[4.8434, 5.16629]; [0.2, 0.25]: 86742 / 60412
[4.8434, 5.16629]; [0.25, 0.3]: 64956 / 45076
[4.8434, 5.16629]; [0.3, 0.35]: 34673 / 24254
[4.8434, 5.16629]; [0.35, 0.4]: 13093 / 9114
[4.8434, 5.16629]; [0.4, 0.45]: 1325 / 872
[4.8434, 5.16629]; [0.45, 0.5]: 0 / 0
[4.8434, 5.16629]; [0.5, 0.55]: 0 / 0
[4.8434, 5.16629]; [0.55, 0.6]: 0 / 0
[4.8434, 5.16629]; [0.6, 0.65]: 0 / 0
[4.8434, 5.16629]; [0.65, 0.7]: 0 / 0
[4.8434, 5.16629]; [0.7, 0.75]: 0 / 0
[4.8434, 5.16629]; [0.75, 0.8]: 0 / 0
[4.8434, 5.16629]; [0.8, 0.85]: 0 / 0
[4.8434, 5.16629]; [0.85, 0.9]: 0 / 0

[5.16629, 5.48918]; [-0.9, -0.85]: 0 / 0
[5.16629, 5.48918]; [-0.85, -0.8]: 0 / 0
[5.16629, 5.48918]; [-0.8, -0.75]: 0 / 0
[5.16629, 5.48918]; [-0.75, -0.7]: 0 / 0
[5.16629, 5.48918]; [-0.7, -0.65]: 0 / 0
[5.16629, 5.48918]; [-0.65, -0.6]: 0 / 0
[5.16629, 5.48918]; [-0.6, -0.55]: 0 / 0
[5.16629, 5.48918]; [-0.55, -0.5]: 0 / 0
[5.16629, 5.48918]; [-0.5, -0.45]: 139 / 110
[5.16629, 5.48918]; [-0.45, -0.4]: 5971 / 4480
[5.16629, 5.48918]; [-0.4, -0.35]: 20404 / 15528
[5.16629, 5.48918]; [-0.35, -0.3]: 43334 / 33011
[5.16629, 5.48918]; [-0.3, -0.25]: 61462 / 45936
[5.16629, 5.48918]; [-0.25, -0.2]: 72255 / 54374
[5.16629, 5.48918]; [-0.2, -0.15]: 79024 / 58850
[5.16629, 5.48918]; [-0.15, -0.1]: 80720 / 60330
[5.16629, 5.48918]; [-0.1, -0.05]: 80199 / 60472
[5.16629, 5.48918]; [-0.05, 0]: 80825 / 61146
[5.16629, 5.48918]; [0, 0.05]: 80228 / 60505
[5.16629, 5.48918]; [0.05, 0.1]: 80763 / 60733
[5.16629, 5.48918]; [0.1, 0.15]: 80667 / 59769
[5.16629, 5.48918]; [0.15, 0.2]: 78646 / 59041
[5.16629, 5.48918]; [0.2, 0.25]: 72775 / 53888
[5.16629, 5.48918]; [0.25, 0.3]: 60841 / 45774
[5.16629, 5.48918]; [0.3, 0.35]: 43190 / 32479
[5.16629, 5.48918]; [0.35, 0.4]: 20765 / 15649
[5.16629, 5.48918]; [0.4, 0.45]: 6117 / 4583
[5.16629, 5.48918]; [0.45, 0.5]: 153 / 125
[5.16629, 5.48918]; [0.5, 0.55]: 0 / 0
[5.16629, 5.48918]; [0.55, 0.6]: 0 / 0
[5.16629, 5.48918]; [0.6, 0.65]: 0 / 0
[5.16629, 5.48918]; [0.65, 0.7]: 0 / 0
[5.16629, 5.48918]; [0.7, 0.75]: 0 / 0
[5.16629, 5.48918]; [0.75, 0.8]: 0 / 0
[5.16629, 5.48918]; [0.8, 0.85]: 0 / 0
[5.16629, 5.48918]; [0.85, 0.9]: 0 / 0

[5.48918, 5.81208]; [-0.9, -0.85]: 0 / 0
[5.48918, 5.81208]; [-0.85, -0.8]: 0 / 0
[5.48918, 5.81208]; [-0.8, -0.75]: 0 / 0
[5.48918, 5.81208]; [-0.75, -0.7]: 0 / 0
[5.48918, 5.81208]; [-0.7, -0.65]: 0 / 0
[5.48918, 5.81208]; [-0.65, -0.6]: 0 / 0
[5.48918, 5.81208]; [-0.6, -0.55]: 0 / 0
[5.48918, 5.81208]; [-0.55, -0.5]: 0 / 0
[5.48918, 5.81208]; [-0.5, -0.45]: 1697 / 1309
[5.48918, 5.81208]; [-0.45, -0.4]: 10934 / 8708
[5.48918, 5.81208]; [-0.4, -0.35]: 27159 / 21530
[5.48918, 5.81208]; [-0.35, -0.3]: 42814 / 33686
[5.48918, 5.81208]; [-0.3, -0.25]: 52055 / 41521
[5.48918, 5.81208]; [-0.25, -0.2]: 57302 / 46012
[5.48918, 5.81208]; [-0.2, -0.15]: 58104 / 46598
[5.48918, 5.81208]; [-0.15, -0.1]: 58308 / 47369
[5.48918, 5.81208]; [-0.1, -0.05]: 58271 / 47309
[5.48918, 5.81208]; [-0.05, 0]: 58694 / 47051
[5.48918, 5.81208]; [0, 0.05]: 58125 / 47565
[5.48918, 5.81208]; [0.05, 0.1]: 58320 / 47271
[5.48918, 5.81208]; [0.1, 0.15]: 58365 / 46981
[5.48918, 5.81208]; [0.15, 0.2]: 58194 / 47115
[5.48918, 5.81208]; [0.2, 0.25]: 56837 / 45770
[5.48918, 5.81208]; [0.25, 0.3]: 51707 / 41611
[5.48918, 5.81208]; [0.3, 0.35]: 42259 / 34141
[5.48918, 5.81208]; [0.35, 0.4]: 27058 / 21862
[5.48918, 5.81208]; [0.4, 0.45]: 10949 / 8766
[5.48918, 5.81208]; [0.45, 0.5]: 1745 / 1402
[5.48918, 5.81208]; [0.5, 0.55]: 0 / 0
[5.48918, 5.81208]; [0.55, 0.6]: 0 / 0
[5.48918, 5.81208]; [0.6, 0.65]: 0 / 0
[5.48918, 5.81208]; [0.65, 0.7]: 0 / 0
[5.48918, 5.81208]; [0.7, 0.75]: 0 / 0
[5.48918, 5.81208]; [0.75, 0.8]: 0 / 0
[5.48918, 5.81208]; [0.8, 0.85]: 0 / 0
[5.48918, 5.81208]; [0.85, 0.9]: 0 / 0

[5.81208, 6.13497]; [-0.9, -0.85]: 0 / 0
[5.81208, 6.13497]; [-0.85, -0.8]: 0 / 0
[5.81208, 6.13497]; [-0.8, -0.75]: 0 / 0
[5.81208, 6.13497]; [-0.75, -0.7]: 0 / 0
[5.81208, 6.13497]; [-0.7, -0.65]: 0 / 0
[5.81208, 6.13497]; [-0.65, -0.6]: 0 / 0
[5.81208, 6.13497]; [-0.6, -0.55]: 0 / 0
[5.81208, 6.13497]; [-0.55, -0.5]: 162 / 139
[5.81208, 6.13497]; [-0.5, -0.45]: 4579 / 3850
[5.81208, 6.13497]; [-0.45, -0.4]: 15153 / 12692
[5.81208, 6.13497]; [-0.4, -0.35]: 28943 / 24639
[5.81208, 6.13497]; [-0.35, -0.3]: 37315 / 31693
[5.81208, 6.13497]; [-0.3, -0.25]: 41582 / 35617
[5.81208, 6.13497]; [-0.25, -0.2]: 42888 / 36531
[5.81208, 6.13497]; [-0.2, -0.15]: 42686 / 36630
[5.81208, 6.13497]; [-0.15, -0.1]: 43265 / 37180
[5.81208, 6.13497]; [-0.1, -0.05]: 42914 / 37146
[5.81208, 6.13497]; [-0.05, 0]: 42779 / 37128
[5.81208, 6.13497]; [0, 0.05]: 42526 / 37142
[5.81208, 6.13497]; [0.05, 0.1]: 42857 / 37232
[5.81208, 6.13497]; [0.1, 0.15]: 43197 / 36899
[5.81208, 6.13497]; [0.15, 0.2]: 43171 / 36721
[5.81208, 6.13497]; [0.2, 0.25]: 42568 / 36799
[5.81208, 6.13497]; [0.25, 0.3]: 41403 / 35281
[5.81208, 6.13497]; [0.3, 0.35]: 37173 / 31256
[5.81208, 6.13497]; [0.35, 0.4]: 28354 / 24330
[5.81208, 6.13497]; [0.4, 0.45]: 15037 / 12600
[5.81208, 6.13497]; [0.45, 0.5]: 4515 / 3872
[5.81208, 6.13497]; [0.5, 0.55]: 158 / 133
[5.81208, 6.13497]; [0.55, 0.6]: 0 / 0
[5.81208, 6.13497]; [0.6, 0.65]: 0 / 0
[5.81208, 6.13497]; [0.65, 0.7]: 0 / 0
[5.81208, 6.13497]; [0.7, 0.75]: 0 / 0
[5.81208, 6.13497]; [0.75, 0.8]: 0 / 0
[5.81208, 6.13497]; [0.8, 0.85]: 0 / 0
[5.81208, 6.13497]; [0.85, 0.9]: 0 / 0

[6.13497, 6.45786]; [-0.9, -0.85]: 0 / 0
[6.13497, 6.45786]; [-0.85, -0.8]: 0 / 0
[6.13497, 6.45786]; [-0.8, -0.75]: 0 / 0
[6.13497, 6.45786]; [-0.75, -0.7]: 0 / 0
[6.13497, 6.45786]; [-0.7, -0.65]: 0 / 0
[6.13497, 6.45786]; [-0.65, -0.6]: 0 / 0
[6.13497, 6.45786]; [-0.6, -0.55]: 0 / 0
[6.13497, 6.45786]; [-0.55, -0.5]: 975 / 884
[6.13497, 6.45786]; [-0.5, -0.45]: 7263 / 6310
[6.13497, 6.45786]; [-0.45, -0.4]: 18077 / 16026
[6.13497, 6.45786]; [-0.4, -0.35]: 26080 / 23160
[6.13497, 6.45786]; [-0.35, -0.3]: 30240 / 27108
[6.13497, 6.45786]; [-0.3, -0.25]: 31904 / 28995
[6.13497, 6.45786]; [-0.25, -0.2]: 31889 / 28979
[6.13497, 6.45786]; [-0.2, -0.15]: 31900 / 29352
[6.13497, 6.45786]; [-0.15, -0.1]: 32093 / 29404
[6.13497, 6.45786]; [-0.1, -0.05]: 31844 / 29363
[6.13497, 6.45786]; [-0.05, 0]: 32258 / 29333
[6.13497, 6.45786]; [0, 0.05]: 32102 / 29488
[6.13497, 6.45786]; [0.05, 0.1]: 31697 / 29103
[6.13497, 6.45786]; [0.1, 0.15]: 32259 / 29108
[6.13497, 6.45786]; [0.15, 0.2]: 32269 / 29150
[6.13497, 6.45786]; [0.2, 0.25]: 31998 / 29081
[6.13497, 6.45786]; [0.25, 0.3]: 31796 / 28924
[6.13497, 6.45786]; [0.3, 0.35]: 30792 / 27494
[6.13497, 6.45786]; [0.35, 0.4]: 26017 / 23493
[6.13497, 6.45786]; [0.4, 0.45]: 17696 / 15993
[6.13497, 6.45786]; [0.45, 0.5]: 7072 / 6415
[6.13497, 6.45786]; [0.5, 0.55]: 1054 / 931
[6.13497, 6.45786]; [0.55, 0.6]: 0 / 0
[6.13497, 6.45786]; [0.6, 0.65]: 0 / 0
[6.13497, 6.45786]; [0.65, 0.7]: 0 / 0
[6.13497, 6.45786]; [0.7, 0.75]: 0 / 0
[6.13497, 6.45786]; [0.75, 0.8]: 0 / 0
[6.13497, 6.45786]; [0.8, 0.85]: 0 / 0
[6.13497, 6.45786]; [0.85, 0.9]: 0 / 0

[6.45786, 7.10365]; [-0.9, -0.85]: 0 / 0
[6.45786, 7.10365]; [-0.85, -0.8]: 0 / 0
[6.45786, 7.10365]; [-0.8, -0.75]: 0 / 0
[6.45786, 7.10365]; [-0.75, -0.7]: 0 / 0
[6.45786, 7.10365]; [-0.7, -0.65]: 0 / 0
[6.45786, 7.10365]; [-0.65, -0.6]: 0 / 0
[6.45786, 7.10365]; [-0.6, -0.55]: 374 / 354
[6.45786, 7.10365]; [-0.55, -0.5]: 6497 / 6142
[6.45786, 7.10365]; [-0.5, -0.45]: 20533 / 19553
[6.45786, 7.10365]; [-0.45, -0.4]: 33634 / 32368
[6.45786, 7.10365]; [-0.4, -0.35]: 40371 / 39090
[6.45786, 7.10365]; [-0.35, -0.3]: 42888 / 41550
[6.45786, 7.10365]; [-0.3, -0.25]: 42925 / 41736
[6.45786, 7.10365]; [-0.25, -0.2]: 42783 / 41536
[6.45786, 7.10365]; [-0.2, -0.15]: 42439 / 41589
[6.45786, 7.10365]; [-0.15, -0.1]: 42524 / 41629
[6.45786, 7.10365]; [-0.1, -0.05]: 42024 / 41905
[6.45786, 7.10365]; [-0.05, 0]: 42194 / 41765
[6.45786, 7.10365]; [0, 0.05]: 42500 / 41885
[6.45786, 7.10365]; [0.05, 0.1]: 42444 / 42157
[6.45786, 7.10365]; [0.1, 0.15]: 42571 / 41937
[6.45786, 7.10365]; [0.15, 0.2]: 42324 / 41685
[6.45786, 7.10365]; [0.2, 0.25]: 42788 / 41579
[6.45786, 7.10365]; [0.25, 0.3]: 42955 / 41635
[6.45786, 7.10365]; [0.3, 0.35]: 42966 / 41584
[6.45786, 7.10365]; [0.35, 0.4]: 40232 / 38634
[6.45786, 7.10365]; [0.4, 0.45]: 33275 / 31945
[6.45786, 7.10365]; [0.45, 0.5]: 20259 / 19472
[6.45786, 7.10365]; [0.5, 0.55]: 6476 / 6075
[6.45786, 7.10365]; [0.55, 0.6]: 395 / 361
[6.45786, 7.10365]; [0.6, 0.65]: 0 / 0
[6.45786, 7.10365]; [0.65, 0.7]: 0 / 0
[6.45786, 7.10365]; [0.7, 0.75]: 0 / 0
[6.45786, 7.10365]; [0.75, 0.8]: 0 / 0
[6.45786, 7.10365]; [0.8, 0.85]: 0 / 0
[6.45786, 7.10365]; [0.85, 0.9]: 0 / 0

[7.10365, 7.74943]; [-0.9, -0.85]: 0 / 0
[7.10365, 7.74943]; [-0.85, -0.8]: 0 / 0
[7.10365, 7.74943]; [-0.8, -0.75]: 0 / 0
[7.10365, 7.74943]; [-0.75, -0.7]: 0 / 0
[7.10365, 7.74943]; [-0.7, -0.65]: 0 / 0
[7.10365, 7.74943]; [-0.65, -0.6]: 29 / 35
[7.10365, 7.74943]; [-0.6, -0.55]: 2696 / 2685
[7.10365, 7.74943]; [-0.55, -0.5]: 11255 / 11762
[7.10365, 7.74943]; [-0.5, -0.45]: 20553 / 21212
[7.10365, 7.74943]; [-0.45, -0.4]: 24577 / 25672
[7.10365, 7.74943]; [-0.4, -0.35]: 25851 / 26755
[7.10365, 7.74943]; [-0.35, -0.3]: 25276 / 27009
[7.10365, 7.74943]; [-0.3, -0.25]: 25388 / 27175
[7.10365, 7.74943]; [-0.25, -0.2]: 25185 / 26800
[7.10365, 7.74943]; [-0.2, -0.15]: 25259 / 27150
[7.10365, 7.74943]; [-0.15, -0.1]: 25229 / 26976
[7.10365, 7.74943]; [-0.1, -0.05]: 25142 / 27021
[7.10365, 7.74943]; [-0.05, 0]: 24809 / 27244
[7.10365, 7.74943]; [0, 0.05]: 24812 / 27449
[7.10365, 7.74943]; [0.05, 0.1]: 24985 / 27064
[7.10365, 7.74943]; [0.1, 0.15]: 25050 / 27314
[7.10365, 7.74943]; [0.15, 0.2]: 25109 / 26980
[7.10365, 7.74943]; [0.2, 0.25]: 25292 / 26945
[7.10365, 7.74943]; [0.25, 0.3]: 25581 / 27068
[7.10365, 7.74943]; [0.3, 0.35]: 25729 / 27053
[7.10365, 7.74943]; [0.35, 0.4]: 25585 / 27069
[7.10365, 7.74943]; [0.4, 0.45]: 24676 / 25639
[7.10365, 7.74943]; [0.45, 0.5]: 20339 / 21082
[7.10365, 7.74943]; [0.5, 0.55]: 11211 / 11645
[7.10365, 7.74943]; [0.55, 0.6]: 2645 / 2709
[7.10365, 7.74943]; [0.6, 0.65]: 29 / 28
[7.10365, 7.74943]; [0.65, 0.7]: 0 / 0
[7.10365, 7.74943]; [0.7, 0.75]: 0 / 0
[7.10365, 7.74943]; [0.75, 0.8]: 0 / 0
[7.10365, 7.74943]; [0.8, 0.85]: 0 / 0
[7.10365, 7.74943]; [0.85, 0.9]: 0 / 0

[7.74943, 8.39522]; [-0.9, -0.85]: 0 / 0
[7.74943, 8.39522]; [-0.85, -0.8]: 0 / 0
[7.74943, 8.39522]; [-0.8, -0.75]: 0 / 0
[7.74943, 8.39522]; [-0.75, -0.7]: 0 / 0
[7.74943, 8.39522]; [-0.7, -0.65]: 0 / 0
[7.74943, 8.39522]; [-0.65, -0.6]: 615 / 651
[7.74943, 8.39522]; [-0.6, -0.55]: 5359 / 5852
[7.74943, 8.39522]; [-0.55, -0.5]: 12154 / 13392
[7.74943, 8.39522]; [-0.5, -0.45]: 15488 / 17267
[7.74943, 8.39522]; [-0.45, -0.4]: 16129 / 18089
[7.74943, 8.39522]; [-0.4, -0.35]: 15793 / 17985
[7.74943, 8.39522]; [-0.35, -0.3]: 15675 / 17864
[7.74943, 8.39522]; [-0.3, -0.25]: 15615 / 18127
[7.74943, 8.39522]; [-0.25, -0.2]: 15505 / 18067
[7.74943, 8.39522]; [-0.2, -0.15]: 15496 / 18148
[7.74943, 8.39522]; [-0.15, -0.1]: 15670 / 17958
[7.74943, 8.39522]; [-0.1, -0.05]: 15604 / 18061
[7.74943, 8.39522]; [-0.05, 0]: 15247 / 18041
[7.74943, 8.39522]; [0, 0.05]: 15227 / 18183
[7.74943, 8.39522]; [0.05, 0.1]: 15302 / 18097
[7.74943, 8.39522]; [0.1, 0.15]: 15450 / 18083
[7.74943, 8.39522]; [0.15, 0.2]: 15333 / 17682
[7.74943, 8.39522]; [0.2, 0.25]: 15778 / 18097
[7.74943, 8.39522]; [0.25, 0.3]: 15440 / 17903
[7.74943, 8.39522]; [0.3, 0.35]: 16020 / 18328
[7.74943, 8.39522]; [0.35, 0.4]: 16095 / 18175
[7.74943, 8.39522]; [0.4, 0.45]: 15938 / 17920
[7.74943, 8.39522]; [0.45, 0.5]: 15701 / 17279
[7.74943, 8.39522]; [0.5, 0.55]: 12441 / 13379
[7.74943, 8.39522]; [0.55, 0.6]: 5382 / 5969
[7.74943, 8.39522]; [0.6, 0.65]: 619 / 716
[7.74943, 8.39522]; [0.65, 0.7]: 0 / 0
[7.74943, 8.39522]; [0.7, 0.75]: 0 / 0
[7.74943, 8.39522]; [0.75, 0.8]: 0 / 0
[7.74943, 8.39522]; [0.8, 0.85]: 0 / 0
[7.74943, 8.39522]; [0.85, 0.9]: 0 / 0

[8.39522, 9.04101]; [-0.9, -0.85]: 0 / 0
[8.39522, 9.04101]; [-0.85, -0.8]: 0 / 0
[8.39522, 9.04101]; [-0.8, -0.75]: 0 / 0
[8.39522, 9.04101]; [-0.75, -0.7]: 0 / 0
[8.39522, 9.04101]; [-0.7, -0.65]: 18 / 34
[8.39522, 9.04101]; [-0.65, -0.6]: 1845 / 2002
[8.39522, 9.04101]; [-0.6, -0.55]: 6672 / 7743
[8.39522, 9.04101]; [-0.55, -0.5]: 9768 / 11314
[8.39522, 9.04101]; [-0.5, -0.45]: 10580 / 12394
[8.39522, 9.04101]; [-0.45, -0.4]: 10592 / 12385
[8.39522, 9.04101]; [-0.4, -0.35]: 10116 / 12267
[8.39522, 9.04101]; [-0.35, -0.3]: 10260 / 12484
[8.39522, 9.04101]; [-0.3, -0.25]: 10021 / 12384
[8.39522, 9.04101]; [-0.25, -0.2]: 10155 / 12318
[8.39522, 9.04101]; [-0.2, -0.15]: 10096 / 12186
[8.39522, 9.04101]; [-0.15, -0.1]: 10008 / 12222
[8.39522, 9.04101]; [-0.1, -0.05]: 9864 / 12281
[8.39522, 9.04101]; [-0.05, 0]: 9928 / 12652
[8.39522, 9.04101]; [0, 0.05]: 9871 / 12082
[8.39522, 9.04101]; [0.05, 0.1]: 9916 / 12387
[8.39522, 9.04101]; [0.1, 0.15]: 9970 / 12329
[8.39522, 9.04101]; [0.15, 0.2]: 9902 / 12261
[8.39522, 9.04101]; [0.2, 0.25]: 10152 / 12508
[8.39522, 9.04101]; [0.25, 0.3]: 10146 / 12427
[8.39522, 9.04101]; [0.3, 0.35]: 10299 / 12313
[8.39522, 9.04101]; [0.35, 0.4]: 10318 / 12505
[8.39522, 9.04101]; [0.4, 0.45]: 10464 / 12302
[8.39522, 9.04101]; [0.45, 0.5]: 10723 / 12419
[8.39522, 9.04101]; [0.5, 0.55]: 9687 / 11617
[8.39522, 9.04101]; [0.55, 0.6]: 6720 / 7908
[8.39522, 9.04101]; [0.6, 0.65]: 1732 / 2157
[8.39522, 9.04101]; [0.65, 0.7]: 25 / 31
[8.39522, 9.04101]; [0.7, 0.75]: 0 / 0
[8.39522, 9.04101]; [0.75, 0.8]: 0 / 0
[8.39522, 9.04101]; [0.8, 0.85]: 0 / 0
[8.39522, 9.04101]; [0.85, 0.9]: 0 / 0

[9.04101, 9.68679]; [-0.9, -0.85]: 0 / 0
[9.04101, 9.68679]; [-0.85, -0.8]: 0 / 0
[9.04101, 9.68679]; [-0.8, -0.75]: 0 / 0
[9.04101, 9.68679]; [-0.75, -0.7]: 0 / 0
[9.04101, 9.68679]; [-0.7, -0.65]: 292 / 349
[9.04101, 9.68679]; [-0.65, -0.6]: 3039 / 3646
[9.04101, 9.68679]; [-0.6, -0.55]: 6224 / 7597
[9.04101, 9.68679]; [-0.55, -0.5]: 6971 / 8426
[9.04101, 9.68679]; [-0.5, -0.45]: 7015 / 8895
[9.04101, 9.68679]; [-0.45, -0.4]: 6767 / 8586
[9.04101, 9.68679]; [-0.4, -0.35]: 6769 / 8686
[9.04101, 9.68679]; [-0.35, -0.3]: 6710 / 8694
[9.04101, 9.68679]; [-0.3, -0.25]: 6602 / 8510
[9.04101, 9.68679]; [-0.25, -0.2]: 6744 / 8729
[9.04101, 9.68679]; [-0.2, -0.15]: 6573 / 8640
[9.04101, 9.68679]; [-0.15, -0.1]: 6533 / 8522
[9.04101, 9.68679]; [-0.1, -0.05]: 6675 / 8450
[9.04101, 9.68679]; [-0.05, 0]: 6505 / 8456
[9.04101, 9.68679]; [0, 0.05]: 6607 / 8695
[9.04101, 9.68679]; [0.05, 0.1]: 6523 / 8652
[9.04101, 9.68679]; [0.1, 0.15]: 6535 / 8628
[9.04101, 9.68679]; [0.15, 0.2]: 6527 / 8567
[9.04101, 9.68679]; [0.2, 0.25]: 6599 / 8657
[9.04101, 9.68679]; [0.25, 0.3]: 6562 / 8708
[9.04101, 9.68679]; [0.3, 0.35]: 6743 / 8595
[9.04101, 9.68679]; [0.35, 0.4]: 6740 / 8679
[9.04101, 9.68679]; [0.4, 0.45]: 6869 / 8681
[9.04101, 9.68679]; [0.45, 0.5]: 6995 / 8686
[9.04101, 9.68679]; [0.5, 0.55]: 7188 / 8668
[9.04101, 9.68679]; [0.55, 0.6]: 6198 / 7604
[9.04101, 9.68679]; [0.6, 0.65]: 3082 / 3607
[9.04101, 9.68679]; [0.65, 0.7]: 290 / 350
[9.04101, 9.68679]; [0.7, 0.75]: 0 / 0
[9.04101, 9.68679]; [0.75, 0.8]: 0 / 0
[9.04101, 9.68679]; [0.8, 0.85]: 0 / 0
[9.04101, 9.68679]; [0.85, 0.9]: 0 / 0

[9.68679, 10.3326]; [-0.9, -0.85]: 0 / 0
[9.68679, 10.3326]; [-0.85, -0.8]: 0 / 0
[9.68679, 10.3326]; [-0.8, -0.75]: 0 / 0
[9.68679, 10.3326]; [-0.75, -0.7]: 1 / 0
[9.68679, 10.3326]; [-0.7, -0.65]: 721 / 852
[9.68679, 10.3326]; [-0.65, -0.6]: 3385 / 4281
[9.68679, 10.3326]; [-0.6, -0.55]: 4826 / 6140
[9.68679, 10.3326]; [-0.55, -0.5]: 4882 / 6304
[9.68679, 10.3326]; [-0.5, -0.45]: 4795 / 6276
[9.68679, 10.3326]; [-0.45, -0.4]: 4559 / 6065
[9.68679, 10.3326]; [-0.4, -0.35]: 4600 / 6283
[9.68679, 10.3326]; [-0.35, -0.3]: 4582 / 6176
[9.68679, 10.3326]; [-0.3, -0.25]: 4522 / 6077
[9.68679, 10.3326]; [-0.25, -0.2]: 4533 / 6268
[9.68679, 10.3326]; [-0.2, -0.15]: 4441 / 5994
[9.68679, 10.3326]; [-0.15, -0.1]: 4416 / 5912
[9.68679, 10.3326]; [-0.1, -0.05]: 4474 / 6032
[9.68679, 10.3326]; [-0.05, 0]: 4365 / 6043
[9.68679, 10.3326]; [0, 0.05]: 4314 / 6109
[9.68679, 10.3326]; [0.05, 0.1]: 4462 / 6082
[9.68679, 10.3326]; [0.1, 0.15]: 4393 / 5978
[9.68679, 10.3326]; [0.15, 0.2]: 4391 / 6084
[9.68679, 10.3326]; [0.2, 0.25]: 4578 / 6146
[9.68679, 10.3326]; [0.25, 0.3]: 4471 / 6194
[9.68679, 10.3326]; [0.3, 0.35]: 4534 / 6213
[9.68679, 10.3326]; [0.35, 0.4]: 4690 / 6031
[9.68679, 10.3326]; [0.4, 0.45]: 4674 / 6249
[9.68679, 10.3326]; [0.45, 0.5]: 4819 / 6247
[9.68679, 10.3326]; [0.5, 0.55]: 4877 / 6182
[9.68679, 10.3326]; [0.55, 0.6]: 4707 / 6056
[9.68679, 10.3326]; [0.6, 0.65]: 3403 / 4414
[9.68679, 10.3326]; [0.65, 0.7]: 761 / 913
[9.68679, 10.3326]; [0.7, 0.75]: 1 / 1
[9.68679, 10.3326]; [0.75, 0.8]: 0 / 0
[9.68679, 10.3326]; [0.8, 0.85]: 0 / 0
[9.68679, 10.3326]; [0.85, 0.9]: 0 / 0

[10.3326, 10.9784]; [-0.9, -0.85]: 0 / 0
[10.3326, 10.9784]; [-0.85, -0.8]: 0 / 0
[10.3326, 10.9784]; [-0.8, -0.75]: 0 / 0
[10.3326, 10.9784]; [-0.75, -0.7]: 46 / 56
[10.3326, 10.9784]; [-0.7, -0.65]: 1214 / 1605
[10.3326, 10.9784]; [-0.65, -0.6]: 2952 / 3958
[10.3326, 10.9784]; [-0.6, -0.55]: 3377 / 4630
[10.3326, 10.9784]; [-0.55, -0.5]: 3353 / 4510
[10.3326, 10.9784]; [-0.5, -0.45]: 3358 / 4431
[10.3326, 10.9784]; [-0.45, -0.4]: 3412 / 4475
[10.3326, 10.9784]; [-0.4, -0.35]: 3226 / 4464
[10.3326, 10.9784]; [-0.35, -0.3]: 3183 / 4463
[10.3326, 10.9784]; [-0.3, -0.25]: 3125 / 4351
[10.3326, 10.9784]; [-0.25, -0.2]: 3047 / 4290
[10.3326, 10.9784]; [-0.2, -0.15]: 3065 / 4396
[10.3326, 10.9784]; [-0.15, -0.1]: 3153 / 4231
[10.3326, 10.9784]; [-0.1, -0.05]: 2955 / 4352
[10.3326, 10.9784]; [-0.05, 0]: 3021 / 4371
[10.3326, 10.9784]; [0, 0.05]: 3120 / 4342
[10.3326, 10.9784]; [0.05, 0.1]: 3058 / 4493
[10.3326, 10.9784]; [0.1, 0.15]: 3087 / 4348
[10.3326, 10.9784]; [0.15, 0.2]: 3100 / 4449
[10.3326, 10.9784]; [0.2, 0.25]: 3138 / 4477
[10.3326, 10.9784]; [0.25, 0.3]: 3168 / 4348
[10.3326, 10.9784]; [0.3, 0.35]: 3094 / 4419
[10.3326, 10.9784]; [0.35, 0.4]: 3245 / 4429
[10.3326, 10.9784]; [0.4, 0.45]: 3272 / 4559
[10.3326, 10.9784]; [0.45, 0.5]: 3342 / 4457
[10.3326, 10.9784]; [0.5, 0.55]: 3347 / 4544
[10.3326, 10.9784]; [0.55, 0.6]: 3552 / 4434
[10.3326, 10.9784]; [0.6, 0.65]: 3088 / 3871
[10.3326, 10.9784]; [0.65, 0.7]: 1316 / 1581
[10.3326, 10.9784]; [0.7, 0.75]: 36 / 48
[10.3326, 10.9784]; [0.75, 0.8]: 0 / 0
[10.3326, 10.9784]; [0.8, 0.85]: 0 / 0
[10.3326, 10.9784]; [0.85, 0.9]: 0 / 0

[10.9784, 11.6242]; [-0.9, -0.85]: 0 / 0
[10.9784, 11.6242]; [-0.85, -0.8]: 0 / 0
[10.9784, 11.6242]; [-0.8, -0.75]: 0 / 0
[10.9784, 11.6242]; [-0.75, -0.7]: 149 / 191
[10.9784, 11.6242]; [-0.7, -0.65]: 1477 / 1978
[10.9784, 11.6242]; [-0.65, -0.6]: 2420 / 3227
[10.9784, 11.6242]; [-0.6, -0.55]: 2469 / 3436
[10.9784, 11.6242]; [-0.55, -0.5]: 2439 / 3317
[10.9784, 11.6242]; [-0.5, -0.45]: 2384 / 3245
[10.9784, 11.6242]; [-0.45, -0.4]: 2353 / 3295
[10.9784, 11.6242]; [-0.4, -0.35]: 2268 / 3259
[10.9784, 11.6242]; [-0.35, -0.3]: 2196 / 3186
[10.9784, 11.6242]; [-0.3, -0.25]: 2283 / 3247
[10.9784, 11.6242]; [-0.25, -0.2]: 2170 / 3192
[10.9784, 11.6242]; [-0.2, -0.15]: 2213 / 3071
[10.9784, 11.6242]; [-0.15, -0.1]: 2116 / 3251
[10.9784, 11.6242]; [-0.1, -0.05]: 2109 / 3204
[10.9784, 11.6242]; [-0.05, 0]: 2166 / 3246
[10.9784, 11.6242]; [0, 0.05]: 2177 / 3175
[10.9784, 11.6242]; [0.05, 0.1]: 2098 / 3182
[10.9784, 11.6242]; [0.1, 0.15]: 2096 / 3213
[10.9784, 11.6242]; [0.15, 0.2]: 2243 / 3242
[10.9784, 11.6242]; [0.2, 0.25]: 2156 / 3307
[10.9784, 11.6242]; [0.25, 0.3]: 2224 / 3270
[10.9784, 11.6242]; [0.3, 0.35]: 2229 / 3231
[10.9784, 11.6242]; [0.35, 0.4]: 2316 / 3273
[10.9784, 11.6242]; [0.4, 0.45]: 2346 / 3217
[10.9784, 11.6242]; [0.45, 0.5]: 2387 / 3379
[10.9784, 11.6242]; [0.5, 0.55]: 2414 / 3508
[10.9784, 11.6242]; [0.55, 0.6]: 2388 / 3354
[10.9784, 11.6242]; [0.6, 0.65]: 2438 / 3337
[10.9784, 11.6242]; [0.65, 0.7]: 1445 / 2036
[10.9784, 11.6242]; [0.7, 0.75]: 160 / 197
[10.9784, 11.6242]; [0.75, 0.8]: 0 / 0
[10.9784, 11.6242]; [0.8, 0.85]: 0 / 0
[10.9784, 11.6242]; [0.85, 0.9]: 0 / 0

[11.6242, 12.2699]; [-0.9, -0.85]: 0 / 0
[11.6242, 12.2699]; [-0.85, -0.8]: 0 / 0
[11.6242, 12.2699]; [-0.8, -0.75]: 0 / 0
[11.6242, 12.2699]; [-0.75, -0.7]: 322 / 401
[11.6242, 12.2699]; [-0.7, -0.65]: 1552 / 2000
[11.6242, 12.2699]; [-0.65, -0.6]: 1894 / 2459
[11.6242, 12.2699]; [-0.6, -0.55]: 1812 / 2502
[11.6242, 12.2699]; [-0.55, -0.5]: 1819 / 2501
[11.6242, 12.2699]; [-0.5, -0.45]: 1692 / 2466
[11.6242, 12.2699]; [-0.45, -0.4]: 1626 / 2418
[11.6242, 12.2699]; [-0.4, -0.35]: 1589 / 2334
[11.6242, 12.2699]; [-0.35, -0.3]: 1642 / 2391
[11.6242, 12.2699]; [-0.3, -0.25]: 1567 / 2338
[11.6242, 12.2699]; [-0.25, -0.2]: 1585 / 2402
[11.6242, 12.2699]; [-0.2, -0.15]: 1486 / 2338
[11.6242, 12.2699]; [-0.15, -0.1]: 1577 / 2365
[11.6242, 12.2699]; [-0.1, -0.05]: 1594 / 2509
[11.6242, 12.2699]; [-0.05, 0]: 1521 / 2312
[11.6242, 12.2699]; [0, 0.05]: 1544 / 2345
[11.6242, 12.2699]; [0.05, 0.1]: 1559 / 2331
[11.6242, 12.2699]; [0.1, 0.15]: 1480 / 2320
[11.6242, 12.2699]; [0.15, 0.2]: 1482 / 2310
[11.6242, 12.2699]; [0.2, 0.25]: 1584 / 2407
[11.6242, 12.2699]; [0.25, 0.3]: 1575 / 2381
[11.6242, 12.2699]; [0.3, 0.35]: 1660 / 2412
[11.6242, 12.2699]; [0.35, 0.4]: 1626 / 2383
[11.6242, 12.2699]; [0.4, 0.45]: 1656 / 2488
[11.6242, 12.2699]; [0.45, 0.5]: 1700 / 2461
[11.6242, 12.2699]; [0.5, 0.55]: 1687 / 2520
[11.6242, 12.2699]; [0.55, 0.6]: 1803 / 2532
[11.6242, 12.2699]; [0.6, 0.65]: 1906 / 2543
[11.6242, 12.2699]; [0.65, 0.7]: 1550 / 2047
[11.6242, 12.2699]; [0.7, 0.75]: 323 / 470
[11.6242, 12.2699]; [0.75, 0.8]: 0 / 0
[11.6242, 12.2699]; [0.8, 0.85]: 0 / 0
[11.6242, 12.2699]; [0.85, 0.9]: 0 / 0

[12.2699, 12.9157]; [-0.9, -0.85]: 0 / 0
[12.2699, 12.9157]; [-0.85, -0.8]: 0 / 0
[12.2699, 12.9157]; [-0.8, -0.75]: 4 / 4
[12.2699, 12.9157]; [-0.75, -0.7]: 498 / 712
[12.2699, 12.9157]; [-0.7, -0.65]: 1274 / 1775
[12.2699, 12.9157]; [-0.65, -0.6]: 1345 / 1890
[12.2699, 12.9157]; [-0.6, -0.55]: 1293 / 1869
[12.2699, 12.9157]; [-0.55, -0.5]: 1247 / 1813
[12.2699, 12.9157]; [-0.5, -0.45]: 1285 / 1792
[12.2699, 12.9157]; [-0.45, -0.4]: 1173 / 1800
[12.2699, 12.9157]; [-0.4, -0.35]: 1118 / 1915
[12.2699, 12.9157]; [-0.35, -0.3]: 1165 / 1768
[12.2699, 12.9157]; [-0.3, -0.25]: 1120 / 1782
[12.2699, 12.9157]; [-0.25, -0.2]: 1195 / 1777
[12.2699, 12.9157]; [-0.2, -0.15]: 1107 / 1766
[12.2699, 12.9157]; [-0.15, -0.1]: 1124 / 1753
[12.2699, 12.9157]; [-0.1, -0.05]: 1119 / 1858
[12.2699, 12.9157]; [-0.05, 0]: 1086 / 1715
[12.2699, 12.9157]; [0, 0.05]: 1125 / 1782
[12.2699, 12.9157]; [0.05, 0.1]: 1169 / 1761
[12.2699, 12.9157]; [0.1, 0.15]: 1133 / 1766
[12.2699, 12.9157]; [0.15, 0.2]: 1175 / 1781
[12.2699, 12.9157]; [0.2, 0.25]: 1137 / 1796
[12.2699, 12.9157]; [0.25, 0.3]: 1163 / 1860
[12.2699, 12.9157]; [0.3, 0.35]: 1184 / 1771
[12.2699, 12.9157]; [0.35, 0.4]: 1195 / 1769
[12.2699, 12.9157]; [0.4, 0.45]: 1264 / 1865
[12.2699, 12.9157]; [0.45, 0.5]: 1260 / 1830
[12.2699, 12.9157]; [0.5, 0.55]: 1337 / 1953
[12.2699, 12.9157]; [0.55, 0.6]: 1327 / 1797
[12.2699, 12.9157]; [0.6, 0.65]: 1417 / 1895
[12.2699, 12.9157]; [0.65, 0.7]: 1276 / 1802
[12.2699, 12.9157]; [0.7, 0.75]: 525 / 686
[12.2699, 12.9157]; [0.75, 0.8]: 4 / 6
[12.2699, 12.9157]; [0.8, 0.85]: 0 / 0
[12.2699, 12.9157]; [0.85, 0.9]: 0 / 0

[12.9157, 13.5615]; [-0.9, -0.85]: 0 / 0
[12.9157, 13.5615]; [-0.85, -0.8]: 0 / 0
[12.9157, 13.5615]; [-0.8, -0.75]: 16 / 33
[12.9157, 13.5615]; [-0.75, -0.7]: 595 / 791
[12.9157, 13.5615]; [-0.7, -0.65]: 1021 / 1443
[12.9157, 13.5615]; [-0.65, -0.6]: 986 / 1453
[12.9157, 13.5615]; [-0.6, -0.55]: 984 / 1401
[12.9157, 13.5615]; [-0.55, -0.5]: 915 / 1403
[12.9157, 13.5615]; [-0.5, -0.45]: 933 / 1501
[12.9157, 13.5615]; [-0.45, -0.4]: 870 / 1374
[12.9157, 13.5615]; [-0.4, -0.35]: 896 / 1422
[12.9157, 13.5615]; [-0.35, -0.3]: 833 / 1312
[12.9157, 13.5615]; [-0.3, -0.25]: 840 / 1314
[12.9157, 13.5615]; [-0.25, -0.2]: 826 / 1361
[12.9157, 13.5615]; [-0.2, -0.15]: 813 / 1267
[12.9157, 13.5615]; [-0.15, -0.1]: 836 / 1343
[12.9157, 13.5615]; [-0.1, -0.05]: 815 / 1362
[12.9157, 13.5615]; [-0.05, 0]: 832 / 1358
[12.9157, 13.5615]; [0, 0.05]: 837 / 1335
[12.9157, 13.5615]; [0.05, 0.1]: 785 / 1354
[12.9157, 13.5615]; [0.1, 0.15]: 833 / 1373
[12.9157, 13.5615]; [0.15, 0.2]: 861 / 1356
[12.9157, 13.5615]; [0.2, 0.25]: 827 / 1360
[12.9157, 13.5615]; [0.25, 0.3]: 868 / 1351
[12.9157, 13.5615]; [0.3, 0.35]: 913 / 1318
[12.9157, 13.5615]; [0.35, 0.4]: 884 / 1375
[12.9157, 13.5615]; [0.4, 0.45]: 932 / 1351
[12.9157, 13.5615]; [0.45, 0.5]: 939 / 1415
[12.9157, 13.5615]; [0.5, 0.55]: 935 / 1445
[12.9157, 13.5615]; [0.55, 0.6]: 936 / 1464
[12.9157, 13.5615]; [0.6, 0.65]: 1049 / 1450
[12.9157, 13.5615]; [0.65, 0.7]: 975 / 1484
[12.9157, 13.5615]; [0.7, 0.75]: 579 / 767
[12.9157, 13.5615]; [0.75, 0.8]: 21 / 32
[12.9157, 13.5615]; [0.8, 0.85]: 0 / 0
[12.9157, 13.5615]; [0.85, 0.9]: 0 / 0

[13.5615, 14.2073]; [-0.9, -0.85]: 0 / 0
[13.5615, 14.2073]; [-0.85, -0.8]: 0 / 0
[13.5615, 14.2073]; [-0.8, -0.75]: 50 / 78
[13.5615, 14.2073]; [-0.75, -0.7]: 565 / 902
[13.5615, 14.2073]; [-0.7, -0.65]: 787 / 1123
[13.5615, 14.2073]; [-0.65, -0.6]: 740 / 1062
[13.5615, 14.2073]; [-0.6, -0.55]: 697 / 1028
[13.5615, 14.2073]; [-0.55, -0.5]: 742 / 998
[13.5615, 14.2073]; [-0.5, -0.45]: 676 / 1105
[13.5615, 14.2073]; [-0.45, -0.4]: 662 / 1067
[13.5615, 14.2073]; [-0.4, -0.35]: 674 / 1053
[13.5615, 14.2073]; [-0.35, -0.3]: 606 / 1017
[13.5615, 14.2073]; [-0.3, -0.25]: 664 / 1003
[13.5615, 14.2073]; [-0.25, -0.2]: 634 / 1022
[13.5615, 14.2073]; [-0.2, -0.15]: 548 / 1036
[13.5615, 14.2073]; [-0.15, -0.1]: 608 / 1031
[13.5615, 14.2073]; [-0.1, -0.05]: 620 / 1009
[13.5615, 14.2073]; [-0.05, 0]: 591 / 1014
[13.5615, 14.2073]; [0, 0.05]: 573 / 1049
[13.5615, 14.2073]; [0.05, 0.1]: 638 / 974
[13.5615, 14.2073]; [0.1, 0.15]: 628 / 1035
[13.5615, 14.2073]; [0.15, 0.2]: 643 / 1042
[13.5615, 14.2073]; [0.2, 0.25]: 652 / 986
[13.5615, 14.2073]; [0.25, 0.3]: 620 / 1030
[13.5615, 14.2073]; [0.3, 0.35]: 626 / 956
[13.5615, 14.2073]; [0.35, 0.4]: 667 / 1110
[13.5615, 14.2073]; [0.4, 0.45]: 681 / 1055
[13.5615, 14.2073]; [0.45, 0.5]: 669 / 1086
[13.5615, 14.2073]; [0.5, 0.55]: 744 / 1094
[13.5615, 14.2073]; [0.55, 0.6]: 756 / 1085
[13.5615, 14.2073]; [0.6, 0.65]: 780 / 1140
[13.5615, 14.2073]; [0.65, 0.7]: 758 / 1158
[13.5615, 14.2073]; [0.7, 0.75]: 613 / 897
[13.5615, 14.2073]; [0.75, 0.8]: 71 / 78
[13.5615, 14.2073]; [0.8, 0.85]: 0 / 0
[13.5615, 14.2073]; [0.85, 0.9]: 0 / 0

[14.2073, 14.8531]; [-0.9, -0.85]: 0 / 0
[14.2073, 14.8531]; [-0.85, -0.8]: 0 / 0
[14.2073, 14.8531]; [-0.8, -0.75]: 95 / 139
[14.2073, 14.8531]; [-0.75, -0.7]: 557 / 778
[14.2073, 14.8531]; [-0.7, -0.65]: 601 / 915
[14.2073, 14.8531]; [-0.65, -0.6]: 615 / 885
[14.2073, 14.8531]; [-0.6, -0.55]: 568 / 846
[14.2073, 14.8531]; [-0.55, -0.5]: 528 / 831
[14.2073, 14.8531]; [-0.5, -0.45]: 499 / 803
[14.2073, 14.8531]; [-0.45, -0.4]: 501 / 807
[14.2073, 14.8531]; [-0.4, -0.35]: 528 / 808
[14.2073, 14.8531]; [-0.35, -0.3]: 471 / 826
[14.2073, 14.8531]; [-0.3, -0.25]: 507 / 802
[14.2073, 14.8531]; [-0.25, -0.2]: 450 / 837
[14.2073, 14.8531]; [-0.2, -0.15]: 462 / 779
[14.2073, 14.8531]; [-0.15, -0.1]: 465 / 796
[14.2073, 14.8531]; [-0.1, -0.05]: 465 / 800
[14.2073, 14.8531]; [-0.05, 0]: 472 / 804
[14.2073, 14.8531]; [0, 0.05]: 457 / 787
[14.2073, 14.8531]; [0.05, 0.1]: 453 / 781
[14.2073, 14.8531]; [0.1, 0.15]: 491 / 826
[14.2073, 14.8531]; [0.15, 0.2]: 466 / 797
[14.2073, 14.8531]; [0.2, 0.25]: 507 / 793
[14.2073, 14.8531]; [0.25, 0.3]: 472 / 798
[14.2073, 14.8531]; [0.3, 0.35]: 492 / 826
[14.2073, 14.8531]; [0.35, 0.4]: 484 / 840
[14.2073, 14.8531]; [0.4, 0.45]: 540 / 772
[14.2073, 14.8531]; [0.45, 0.5]: 566 / 825
[14.2073, 14.8531]; [0.5, 0.55]: 546 / 847
[14.2073, 14.8531]; [0.55, 0.6]: 555 / 881
[14.2073, 14.8531]; [0.6, 0.65]: 562 / 908
[14.2073, 14.8531]; [0.65, 0.7]: 589 / 897
[14.2073, 14.8531]; [0.7, 0.75]: 505 / 804
[14.2073, 14.8531]; [0.75, 0.8]: 90 / 144
[14.2073, 14.8531]; [0.8, 0.85]: 0 / 0
[14.2073, 14.8531]; [0.85, 0.9]: 0 / 0

[14.8531, 15.4989]; [-0.9, -0.85]: 0 / 0
[14.8531, 15.4989]; [-0.85, -0.8]: 0 / 0
[14.8531, 15.4989]; [-0.8, -0.75]: 161 / 204
[14.8531, 15.4989]; [-0.75, -0.7]: 459 / 690
[14.8531, 15.4989]; [-0.7, -0.65]: 452 / 664
[14.8531, 15.4989]; [-0.65, -0.6]: 436 / 699
[14.8531, 15.4989]; [-0.6, -0.55]: 410 / 629
[14.8531, 15.4989]; [-0.55, -0.5]: 415 / 714
[14.8531, 15.4989]; [-0.5, -0.45]: 439 / 624
[14.8531, 15.4989]; [-0.45, -0.4]: 397 / 582
[14.8531, 15.4989]; [-0.4, -0.35]: 387 / 652
[14.8531, 15.4989]; [-0.35, -0.3]: 375 / 611
[14.8531, 15.4989]; [-0.3, -0.25]: 372 / 604
[14.8531, 15.4989]; [-0.25, -0.2]: 386 / 640
[14.8531, 15.4989]; [-0.2, -0.15]: 359 / 590
[14.8531, 15.4989]; [-0.15, -0.1]: 374 / 590
[14.8531, 15.4989]; [-0.1, -0.05]: 365 / 585
[14.8531, 15.4989]; [-0.05, 0]: 350 / 568
[14.8531, 15.4989]; [0, 0.05]: 339 / 618
[14.8531, 15.4989]; [0.05, 0.1]: 370 / 622
[14.8531, 15.4989]; [0.1, 0.15]: 351 / 632
[14.8531, 15.4989]; [0.15, 0.2]: 360 / 595
[14.8531, 15.4989]; [0.2, 0.25]: 360 / 634
[14.8531, 15.4989]; [0.25, 0.3]: 404 / 598
[14.8531, 15.4989]; [0.3, 0.35]: 381 / 620
[14.8531, 15.4989]; [0.35, 0.4]: 372 / 641
[14.8531, 15.4989]; [0.4, 0.45]: 348 / 636
[14.8531, 15.4989]; [0.45, 0.5]: 387 / 633
[14.8531, 15.4989]; [0.5, 0.55]: 402 / 672
[14.8531, 15.4989]; [0.55, 0.6]: 396 / 690
[14.8531, 15.4989]; [0.6, 0.65]: 426 / 712
[14.8531, 15.4989]; [0.65, 0.7]: 478 / 735
[14.8531, 15.4989]; [0.7, 0.75]: 485 / 641
[14.8531, 15.4989]; [0.75, 0.8]: 138 / 244
[14.8531, 15.4989]; [0.8, 0.85]: 0 / 0
[14.8531, 15.4989]; [0.85, 0.9]: 0 / 0

[15.4989, 16.1447]; [-0.9, -0.85]: 0 / 0
[15.4989, 16.1447]; [-0.85, -0.8]: 0 / 1
[15.4989, 16.1447]; [-0.8, -0.75]: 206 / 267
[15.4989, 16.1447]; [-0.75, -0.7]: 394 / 545
[15.4989, 16.1447]; [-0.7, -0.65]: 383 / 580
[15.4989, 16.1447]; [-0.65, -0.6]: 330 / 564
[15.4989, 16.1447]; [-0.6, -0.55]: 310 / 497
[15.4989, 16.1447]; [-0.55, -0.5]: 300 / 473
[15.4989, 16.1447]; [-0.5, -0.45]: 319 / 526
[15.4989, 16.1447]; [-0.45, -0.4]: 320 / 454
[15.4989, 16.1447]; [-0.4, -0.35]: 309 / 522
[15.4989, 16.1447]; [-0.35, -0.3]: 301 / 465
[15.4989, 16.1447]; [-0.3, -0.25]: 325 / 443
[15.4989, 16.1447]; [-0.25, -0.2]: 298 / 484
[15.4989, 16.1447]; [-0.2, -0.15]: 291 / 471
[15.4989, 16.1447]; [-0.15, -0.1]: 280 / 455
[15.4989, 16.1447]; [-0.1, -0.05]: 249 / 447
[15.4989, 16.1447]; [-0.05, 0]: 257 / 471
[15.4989, 16.1447]; [0, 0.05]: 279 / 463
[15.4989, 16.1447]; [0.05, 0.1]: 282 / 490
[15.4989, 16.1447]; [0.1, 0.15]: 287 / 476
[15.4989, 16.1447]; [0.15, 0.2]: 301 / 500
[15.4989, 16.1447]; [0.2, 0.25]: 281 / 477
[15.4989, 16.1447]; [0.25, 0.3]: 275 / 535
[15.4989, 16.1447]; [0.3, 0.35]: 284 / 456
[15.4989, 16.1447]; [0.35, 0.4]: 284 / 491
[15.4989, 16.1447]; [0.4, 0.45]: 271 / 478
[15.4989, 16.1447]; [0.45, 0.5]: 315 / 533
[15.4989, 16.1447]; [0.5, 0.55]: 316 / 553
[15.4989, 16.1447]; [0.55, 0.6]: 340 / 491
[15.4989, 16.1447]; [0.6, 0.65]: 348 / 544
[15.4989, 16.1447]; [0.65, 0.7]: 353 / 599
[15.4989, 16.1447]; [0.7, 0.75]: 376 / 553
[15.4989, 16.1447]; [0.75, 0.8]: 207 / 258
[15.4989, 16.1447]; [0.8, 0.85]: 0 / 1
[15.4989, 16.1447]; [0.85, 0.9]: 0 / 0

[16.1447, 16.9519]; [-0.9, -0.85]: 0 / 0
[16.1447, 16.9519]; [-0.85, -0.8]: 8 / 10
[16.1447, 16.9519]; [-0.8, -0.75]: 255 / 382
[16.1447, 16.9519]; [-0.75, -0.7]: 364 / 584
[16.1447, 16.9519]; [-0.7, -0.65]: 384 / 549
[16.1447, 16.9519]; [-0.65, -0.6]: 354 / 551
[16.1447, 16.9519]; [-0.6, -0.55]: 312 / 517
[16.1447, 16.9519]; [-0.55, -0.5]: 301 / 523
[16.1447, 16.9519]; [-0.5, -0.45]: 286 / 449
[16.1447, 16.9519]; [-0.45, -0.4]: 308 / 461
[16.1447, 16.9519]; [-0.4, -0.35]: 289 / 451
[16.1447, 16.9519]; [-0.35, -0.3]: 273 / 497
[16.1447, 16.9519]; [-0.3, -0.25]: 245 / 409
[16.1447, 16.9519]; [-0.25, -0.2]: 240 / 467
[16.1447, 16.9519]; [-0.2, -0.15]: 287 / 433
[16.1447, 16.9519]; [-0.15, -0.1]: 257 / 452
[16.1447, 16.9519]; [-0.1, -0.05]: 265 / 419
[16.1447, 16.9519]; [-0.05, 0]: 258 / 478
[16.1447, 16.9519]; [0, 0.05]: 274 / 438
[16.1447, 16.9519]; [0.05, 0.1]: 261 / 479
[16.1447, 16.9519]; [0.1, 0.15]: 244 / 443
[16.1447, 16.9519]; [0.15, 0.2]: 247 / 466
[16.1447, 16.9519]; [0.2, 0.25]: 278 / 474
[16.1447, 16.9519]; [0.25, 0.3]: 275 / 486
[16.1447, 16.9519]; [0.3, 0.35]: 297 / 517
[16.1447, 16.9519]; [0.35, 0.4]: 301 / 463
[16.1447, 16.9519]; [0.4, 0.45]: 274 / 453
[16.1447, 16.9519]; [0.45, 0.5]: 302 / 505
[16.1447, 16.9519]; [0.5, 0.55]: 291 / 538
[16.1447, 16.9519]; [0.55, 0.6]: 347 / 518
[16.1447, 16.9519]; [0.6, 0.65]: 331 / 570
[16.1447, 16.9519]; [0.65, 0.7]: 350 / 580
[16.1447, 16.9519]; [0.7, 0.75]: 379 / 562
[16.1447, 16.9519]; [0.75, 0.8]: 244 / 361
[16.1447, 16.9519]; [0.8, 0.85]: 4 / 11
[16.1447, 16.9519]; [0.85, 0.9]: 0 / 0

[16.9519, 17.7591]; [-0.9, -0.85]: 0 / 0
[16.9519, 17.7591]; [-0.85, -0.8]: 19 / 24
[16.9519, 17.7591]; [-0.8, -0.75]: 224 / 338
[16.9519, 17.7591]; [-0.75, -0.7]: 267 / 412
[16.9519, 17.7591]; [-0.7, -0.65]: 284 / 417
[16.9519, 17.7591]; [-0.65, -0.6]: 224 / 398
[16.9519, 17.7591]; [-0.6, -0.55]: 238 / 372
[16.9519, 17.7591]; [-0.55, -0.5]: 225 / 346
[16.9519, 17.7591]; [-0.5, -0.45]: 193 / 374
[16.9519, 17.7591]; [-0.45, -0.4]: 208 / 379
[16.9519, 17.7591]; [-0.4, -0.35]: 205 / 364
[16.9519, 17.7591]; [-0.35, -0.3]: 212 / 308
[16.9519, 17.7591]; [-0.3, -0.25]: 183 / 336
[16.9519, 17.7591]; [-0.25, -0.2]: 192 / 372
[16.9519, 17.7591]; [-0.2, -0.15]: 182 / 322
[16.9519, 17.7591]; [-0.15, -0.1]: 173 / 359
[16.9519, 17.7591]; [-0.1, -0.05]: 195 / 354
[16.9519, 17.7591]; [-0.05, 0]: 161 / 342
[16.9519, 17.7591]; [0, 0.05]: 215 / 333
[16.9519, 17.7591]; [0.05, 0.1]: 172 / 309
[16.9519, 17.7591]; [0.1, 0.15]: 219 / 343
[16.9519, 17.7591]; [0.15, 0.2]: 205 / 345
[16.9519, 17.7591]; [0.2, 0.25]: 172 / 344
[16.9519, 17.7591]; [0.25, 0.3]: 223 / 349
[16.9519, 17.7591]; [0.3, 0.35]: 213 / 349
[16.9519, 17.7591]; [0.35, 0.4]: 186 / 369
[16.9519, 17.7591]; [0.4, 0.45]: 205 / 385
[16.9519, 17.7591]; [0.45, 0.5]: 237 / 369
[16.9519, 17.7591]; [0.5, 0.55]: 240 / 355
[16.9519, 17.7591]; [0.55, 0.6]: 232 / 394
[16.9519, 17.7591]; [0.6, 0.65]: 259 / 383
[16.9519, 17.7591]; [0.65, 0.7]: 246 / 421
[16.9519, 17.7591]; [0.7, 0.75]: 291 / 432
[16.9519, 17.7591]; [0.75, 0.8]: 239 / 312
[16.9519, 17.7591]; [0.8, 0.85]: 21 / 15
[16.9519, 17.7591]; [0.85, 0.9]: 0 / 0

[17.7591, 18.5664]; [-0.9, -0.85]: 0 / 0
[17.7591, 18.5664]; [-0.85, -0.8]: 27 / 53
[17.7591, 18.5664]; [-0.8, -0.75]: 201 / 324
[17.7591, 18.5664]; [-0.75, -0.7]: 215 / 313
[17.7591, 18.5664]; [-0.7, -0.65]: 221 / 295
[17.7591, 18.5664]; [-0.65, -0.6]: 206 / 312
[17.7591, 18.5664]; [-0.6, -0.55]: 170 / 279
[17.7591, 18.5664]; [-0.55, -0.5]: 159 / 253
[17.7591, 18.5664]; [-0.5, -0.45]: 173 / 295
[17.7591, 18.5664]; [-0.45, -0.4]: 173 / 265
[17.7591, 18.5664]; [-0.4, -0.35]: 157 / 285
[17.7591, 18.5664]; [-0.35, -0.3]: 146 / 265
[17.7591, 18.5664]; [-0.3, -0.25]: 138 / 258
[17.7591, 18.5664]; [-0.25, -0.2]: 163 / 263
[17.7591, 18.5664]; [-0.2, -0.15]: 119 / 263
[17.7591, 18.5664]; [-0.15, -0.1]: 140 / 272
[17.7591, 18.5664]; [-0.1, -0.05]: 155 / 271
[17.7591, 18.5664]; [-0.05, 0]: 135 / 282
[17.7591, 18.5664]; [0, 0.05]: 139 / 246
[17.7591, 18.5664]; [0.05, 0.1]: 134 / 274
[17.7591, 18.5664]; [0.1, 0.15]: 154 / 252
[17.7591, 18.5664]; [0.15, 0.2]: 136 / 265
[17.7591, 18.5664]; [0.2, 0.25]: 145 / 259
[17.7591, 18.5664]; [0.25, 0.3]: 142 / 275
[17.7591, 18.5664]; [0.3, 0.35]: 124 / 265
[17.7591, 18.5664]; [0.35, 0.4]: 169 / 271
[17.7591, 18.5664]; [0.4, 0.45]: 159 / 271
[17.7591, 18.5664]; [0.45, 0.5]: 190 / 294
[17.7591, 18.5664]; [0.5, 0.55]: 192 / 289
[17.7591, 18.5664]; [0.55, 0.6]: 192 / 315
[17.7591, 18.5664]; [0.6, 0.65]: 177 / 279
[17.7591, 18.5664]; [0.65, 0.7]: 205 / 342
[17.7591, 18.5664]; [0.7, 0.75]: 208 / 329
[17.7591, 18.5664]; [0.75, 0.8]: 182 / 294
[17.7591, 18.5664]; [0.8, 0.85]: 28 / 47
[17.7591, 18.5664]; [0.85, 0.9]: 0 / 0

[18.5664, 19.3736]; [-0.9, -0.85]: 0 / 0
[18.5664, 19.3736]; [-0.85, -0.8]: 42 / 66
[18.5664, 19.3736]; [-0.8, -0.75]: 166 / 234
[18.5664, 19.3736]; [-0.75, -0.7]: 144 / 243
[18.5664, 19.3736]; [-0.7, -0.65]: 156 / 234
[18.5664, 19.3736]; [-0.65, -0.6]: 156 / 249
[18.5664, 19.3736]; [-0.6, -0.55]: 155 / 202
[18.5664, 19.3736]; [-0.55, -0.5]: 128 / 204
[18.5664, 19.3736]; [-0.5, -0.45]: 126 / 195
[18.5664, 19.3736]; [-0.45, -0.4]: 121 / 201
[18.5664, 19.3736]; [-0.4, -0.35]: 120 / 230
[18.5664, 19.3736]; [-0.35, -0.3]: 133 / 202
[18.5664, 19.3736]; [-0.3, -0.25]: 82 / 200
[18.5664, 19.3736]; [-0.25, -0.2]: 95 / 221
[18.5664, 19.3736]; [-0.2, -0.15]: 117 / 199
[18.5664, 19.3736]; [-0.15, -0.1]: 102 / 188
[18.5664, 19.3736]; [-0.1, -0.05]: 108 / 201
[18.5664, 19.3736]; [-0.05, 0]: 115 / 182
[18.5664, 19.3736]; [0, 0.05]: 77 / 182
[18.5664, 19.3736]; [0.05, 0.1]: 100 / 182
[18.5664, 19.3736]; [0.1, 0.15]: 106 / 185
[18.5664, 19.3736]; [0.15, 0.2]: 111 / 198
[18.5664, 19.3736]; [0.2, 0.25]: 105 / 199
[18.5664, 19.3736]; [0.25, 0.3]: 102 / 223
[18.5664, 19.3736]; [0.3, 0.35]: 108 / 183
[18.5664, 19.3736]; [0.35, 0.4]: 132 / 181
[18.5664, 19.3736]; [0.4, 0.45]: 127 / 219
[18.5664, 19.3736]; [0.45, 0.5]: 124 / 199
[18.5664, 19.3736]; [0.5, 0.55]: 125 / 243
[18.5664, 19.3736]; [0.55, 0.6]: 146 / 246
[18.5664, 19.3736]; [0.6, 0.65]: 155 / 249
[18.5664, 19.3736]; [0.65, 0.7]: 157 / 238
[18.5664, 19.3736]; [0.7, 0.75]: 151 / 245
[18.5664, 19.3736]; [0.75, 0.8]: 171 / 262
[18.5664, 19.3736]; [0.8, 0.85]: 33 / 70
[18.5664, 19.3736]; [0.85, 0.9]: 0 / 0

[19.3736, 20.9881]; [-0.9, -0.85]: 0 / 0
[19.3736, 20.9881]; [-0.85, -0.8]: 92 / 164
[19.3736, 20.9881]; [-0.8, -0.75]: 259 / 379
[19.3736, 20.9881]; [-0.75, -0.7]: 227 / 360
[19.3736, 20.9881]; [-0.7, -0.65]: 202 / 309
[19.3736, 20.9881]; [-0.65, -0.6]: 187 / 317
[19.3736, 20.9881]; [-0.6, -0.55]: 180 / 342
[19.3736, 20.9881]; [-0.55, -0.5]: 200 / 291
[19.3736, 20.9881]; [-0.5, -0.45]: 162 / 311
[19.3736, 20.9881]; [-0.45, -0.4]: 190 / 261
[19.3736, 20.9881]; [-0.4, -0.35]: 155 / 287
[19.3736, 20.9881]; [-0.35, -0.3]: 146 / 290
[19.3736, 20.9881]; [-0.3, -0.25]: 150 / 243
[19.3736, 20.9881]; [-0.25, -0.2]: 118 / 249
[19.3736, 20.9881]; [-0.2, -0.15]: 151 / 232
[19.3736, 20.9881]; [-0.15, -0.1]: 139 / 265
[19.3736, 20.9881]; [-0.1, -0.05]: 130 / 255
[19.3736, 20.9881]; [-0.05, 0]: 128 / 266
[19.3736, 20.9881]; [0, 0.05]: 127 / 231
[19.3736, 20.9881]; [0.05, 0.1]: 128 / 226
[19.3736, 20.9881]; [0.1, 0.15]: 144 / 277
[19.3736, 20.9881]; [0.15, 0.2]: 126 / 251
[19.3736, 20.9881]; [0.2, 0.25]: 136 / 241
[19.3736, 20.9881]; [0.25, 0.3]: 133 / 272
[19.3736, 20.9881]; [0.3, 0.35]: 172 / 294
[19.3736, 20.9881]; [0.35, 0.4]: 148 / 291
[19.3736, 20.9881]; [0.4, 0.45]: 164 / 270
[19.3736, 20.9881]; [0.45, 0.5]: 189 / 301
[19.3736, 20.9881]; [0.5, 0.55]: 153 / 306
[19.3736, 20.9881]; [0.55, 0.6]: 186 / 295
[19.3736, 20.9881]; [0.6, 0.65]: 183 / 307
[19.3736, 20.9881]; [0.65, 0.7]: 194 / 326
[19.3736, 20.9881]; [0.7, 0.75]: 221 / 397
[19.3736, 20.9881]; [0.75, 0.8]: 261 / 342
[19.3736, 20.9881]; [0.8, 0.85]: 99 / 149
[19.3736, 20.9881]; [0.85, 0.9]: 0 / 0

[20.9881, 22.6025]; [-0.9, -0.85]: 1 / 1
[20.9881, 22.6025]; [-0.85, -0.8]: 104 / 167
[20.9881, 22.6025]; [-0.8, -0.75]: 143 / 250
[20.9881, 22.6025]; [-0.75, -0.7]: 139 / 221
[20.9881, 22.6025]; [-0.7, -0.65]: 127 / 206
[20.9881, 22.6025]; [-0.65, -0.6]: 109 / 180
[20.9881, 22.6025]; [-0.6, -0.55]: 105 / 217
[20.9881, 22.6025]; [-0.55, -0.5]: 112 / 179
[20.9881, 22.6025]; [-0.5, -0.45]: 100 / 204
[20.9881, 22.6025]; [-0.45, -0.4]: 90 / 184
[20.9881, 22.6025]; [-0.4, -0.35]: 74 / 178
[20.9881, 22.6025]; [-0.35, -0.3]: 88 / 160
[20.9881, 22.6025]; [-0.3, -0.25]: 89 / 169
[20.9881, 22.6025]; [-0.25, -0.2]: 80 / 144
[20.9881, 22.6025]; [-0.2, -0.15]: 86 / 161
[20.9881, 22.6025]; [-0.15, -0.1]: 93 / 124
[20.9881, 22.6025]; [-0.1, -0.05]: 73 / 129
[20.9881, 22.6025]; [-0.05, 0]: 76 / 141
[20.9881, 22.6025]; [0, 0.05]: 72 / 140
[20.9881, 22.6025]; [0.05, 0.1]: 70 / 138
[20.9881, 22.6025]; [0.1, 0.15]: 83 / 125
[20.9881, 22.6025]; [0.15, 0.2]: 68 / 138
[20.9881, 22.6025]; [0.2, 0.25]: 91 / 159
[20.9881, 22.6025]; [0.25, 0.3]: 82 / 156
[20.9881, 22.6025]; [0.3, 0.35]: 67 / 172
[20.9881, 22.6025]; [0.35, 0.4]: 92 / 175
[20.9881, 22.6025]; [0.4, 0.45]: 106 / 146
[20.9881, 22.6025]; [0.45, 0.5]: 103 / 187
[20.9881, 22.6025]; [0.5, 0.55]: 118 / 214
[20.9881, 22.6025]; [0.55, 0.6]: 125 / 203
[20.9881, 22.6025]; [0.6, 0.65]: 122 / 196
[20.9881, 22.6025]; [0.65, 0.7]: 146 / 194
[20.9881, 22.6025]; [0.7, 0.75]: 129 / 209
[20.9881, 22.6025]; [0.75, 0.8]: 143 / 224
[20.9881, 22.6025]; [0.8, 0.85]: 97 / 169
[20.9881, 22.6025]; [0.85, 0.9]: 2 / 0

