[pTmin, pTmax]; [cosmin, cosmax]: data entries / mc entries

[25, 26]; [-1, -0.95]: 0 / 0
[25, 26]; [-0.95, -0.9]: 0 / 0
[25, 26]; [-0.9, -0.85]: 0 / 0
[25, 26]; [-0.85, -0.8]: 0 / 0
[25, 26]; [-0.8, -0.75]: 0 / 0
[25, 26]; [-0.75, -0.7]: 0 / 0
[25, 26]; [-0.7, -0.65]: 0 / 0
[25, 26]; [-0.65, -0.6]: 3937 / 798
[25, 26]; [-0.6, -0.55]: 25269 / 4870
[25, 26]; [-0.55, -0.5]: 49731 / 9554
[25, 26]; [-0.5, -0.45]: 61013 / 11498
[25, 26]; [-0.45, -0.4]: 62446 / 11944
[25, 26]; [-0.4, -0.35]: 63395 / 11783
[25, 26]; [-0.35, -0.3]: 62853 / 11722
[25, 26]; [-0.3, -0.25]: 62705 / 11620
[25, 26]; [-0.25, -0.2]: 63373 / 11596
[25, 26]; [-0.2, -0.15]: 63459 / 11756
[25, 26]; [-0.15, -0.1]: 64093 / 11894
[25, 26]; [-0.1, -0.05]: 63837 / 11760
[25, 26]; [-0.05, 0]: 64275 / 11794
[25, 26]; [0, 0.05]: 64422 / 11774
[25, 26]; [0.05, 0.1]: 64115 / 11687
[25, 26]; [0.1, 0.15]: 64284 / 11677
[25, 26]; [0.15, 0.2]: 63990 / 11635
[25, 26]; [0.2, 0.25]: 63554 / 11757
[25, 26]; [0.25, 0.3]: 63444 / 11637
[25, 26]; [0.3, 0.35]: 63143 / 11777
[25, 26]; [0.35, 0.4]: 62950 / 11769
[25, 26]; [0.4, 0.45]: 63051 / 11947
[25, 26]; [0.45, 0.5]: 61845 / 11594
[25, 26]; [0.5, 0.55]: 49997 / 9639
[25, 26]; [0.55, 0.6]: 25628 / 4956
[25, 26]; [0.6, 0.65]: 3947 / 765
[25, 26]; [0.65, 0.7]: 0 / 0
[25, 26]; [0.7, 0.75]: 0 / 0
[25, 26]; [0.75, 0.8]: 0 / 0
[25, 26]; [0.8, 0.85]: 0 / 0
[25, 26]; [0.85, 0.9]: 0 / 0
[25, 26]; [0.9, 0.95]: 0 / 0
[25, 26]; [0.95, 1]: 0 / 0

[26, 27]; [-1, -0.95]: 0 / 0
[26, 27]; [-0.95, -0.9]: 0 / 0
[26, 27]; [-0.9, -0.85]: 0 / 0
[26, 27]; [-0.85, -0.8]: 0 / 0
[26, 27]; [-0.8, -0.75]: 0 / 0
[26, 27]; [-0.75, -0.7]: 0 / 0
[26, 27]; [-0.7, -0.65]: 15 / 2
[26, 27]; [-0.65, -0.6]: 6933 / 1308
[26, 27]; [-0.6, -0.55]: 29867 / 5383
[26, 27]; [-0.55, -0.5]: 47288 / 8896
[26, 27]; [-0.5, -0.45]: 53286 / 9981
[26, 27]; [-0.45, -0.4]: 53615 / 10037
[26, 27]; [-0.4, -0.35]: 54230 / 10058
[26, 27]; [-0.35, -0.3]: 53811 / 9850
[26, 27]; [-0.3, -0.25]: 53777 / 9788
[26, 27]; [-0.25, -0.2]: 54073 / 9816
[26, 27]; [-0.2, -0.15]: 54799 / 9985
[26, 27]; [-0.15, -0.1]: 54278 / 9709
[26, 27]; [-0.1, -0.05]: 54180 / 9932
[26, 27]; [-0.05, 0]: 54269 / 9944
[26, 27]; [0, 0.05]: 54354 / 9895
[26, 27]; [0.05, 0.1]: 54483 / 10070
[26, 27]; [0.1, 0.15]: 54363 / 9775
[26, 27]; [0.15, 0.2]: 54473 / 9803
[26, 27]; [0.2, 0.25]: 54288 / 9790
[26, 27]; [0.25, 0.3]: 54134 / 9878
[26, 27]; [0.3, 0.35]: 54083 / 10098
[26, 27]; [0.35, 0.4]: 53350 / 9762
[26, 27]; [0.4, 0.45]: 53273 / 10125
[26, 27]; [0.45, 0.5]: 53206 / 10109
[26, 27]; [0.5, 0.55]: 47087 / 9072
[26, 27]; [0.55, 0.6]: 30167 / 5662
[26, 27]; [0.6, 0.65]: 7045 / 1288
[26, 27]; [0.65, 0.7]: 14 / 5
[26, 27]; [0.7, 0.75]: 0 / 0
[26, 27]; [0.75, 0.8]: 0 / 0
[26, 27]; [0.8, 0.85]: 0 / 0
[26, 27]; [0.85, 0.9]: 0 / 0
[26, 27]; [0.9, 0.95]: 0 / 0
[26, 27]; [0.95, 1]: 0 / 0

[27, 28]; [-1, -0.95]: 0 / 0
[27, 28]; [-0.95, -0.9]: 0 / 0
[27, 28]; [-0.9, -0.85]: 0 / 0
[27, 28]; [-0.85, -0.8]: 0 / 0
[27, 28]; [-0.8, -0.75]: 0 / 0
[27, 28]; [-0.75, -0.7]: 0 / 0
[27, 28]; [-0.7, -0.65]: 280 / 49
[27, 28]; [-0.65, -0.6]: 10015 / 1855
[27, 28]; [-0.6, -0.55]: 31277 / 5675
[27, 28]; [-0.55, -0.5]: 42724 / 7934
[27, 28]; [-0.5, -0.45]: 44988 / 8234
[27, 28]; [-0.45, -0.4]: 45432 / 8355
[27, 28]; [-0.4, -0.35]: 45215 / 8353
[27, 28]; [-0.35, -0.3]: 45665 / 8399
[27, 28]; [-0.3, -0.25]: 45693 / 8159
[27, 28]; [-0.25, -0.2]: 45866 / 8114
[27, 28]; [-0.2, -0.15]: 46334 / 8220
[27, 28]; [-0.15, -0.1]: 45949 / 8211
[27, 28]; [-0.1, -0.05]: 46327 / 8366
[27, 28]; [-0.05, 0]: 45895 / 8262
[27, 28]; [0, 0.05]: 46065 / 8144
[27, 28]; [0.05, 0.1]: 46374 / 8379
[27, 28]; [0.1, 0.15]: 46058 / 8365
[27, 28]; [0.15, 0.2]: 45987 / 8107
[27, 28]; [0.2, 0.25]: 45641 / 8264
[27, 28]; [0.25, 0.3]: 45448 / 8283
[27, 28]; [0.3, 0.35]: 45102 / 8422
[27, 28]; [0.35, 0.4]: 45263 / 8268
[27, 28]; [0.4, 0.45]: 45177 / 8409
[27, 28]; [0.45, 0.5]: 44995 / 8358
[27, 28]; [0.5, 0.55]: 42863 / 8093
[27, 28]; [0.55, 0.6]: 31502 / 6007
[27, 28]; [0.6, 0.65]: 10098 / 1876
[27, 28]; [0.65, 0.7]: 276 / 61
[27, 28]; [0.7, 0.75]: 0 / 0
[27, 28]; [0.75, 0.8]: 0 / 0
[27, 28]; [0.8, 0.85]: 0 / 0
[27, 28]; [0.85, 0.9]: 0 / 0
[27, 28]; [0.9, 0.95]: 0 / 0
[27, 28]; [0.95, 1]: 0 / 0

[28, 29]; [-1, -0.95]: 0 / 0
[28, 29]; [-0.95, -0.9]: 0 / 0
[28, 29]; [-0.9, -0.85]: 0 / 0
[28, 29]; [-0.85, -0.8]: 0 / 0
[28, 29]; [-0.8, -0.75]: 0 / 0
[28, 29]; [-0.75, -0.7]: 0 / 0
[28, 29]; [-0.7, -0.65]: 1001 / 186
[28, 29]; [-0.65, -0.6]: 13233 / 2517
[28, 29]; [-0.6, -0.55]: 30350 / 5614
[28, 29]; [-0.55, -0.5]: 37685 / 6837
[28, 29]; [-0.5, -0.45]: 38298 / 7036
[28, 29]; [-0.45, -0.4]: 38255 / 7023
[28, 29]; [-0.4, -0.35]: 38263 / 6896
[28, 29]; [-0.35, -0.3]: 38412 / 6720
[28, 29]; [-0.3, -0.25]: 38652 / 6769
[28, 29]; [-0.25, -0.2]: 38707 / 6823
[28, 29]; [-0.2, -0.15]: 38814 / 6767
[28, 29]; [-0.15, -0.1]: 39018 / 6913
[28, 29]; [-0.1, -0.05]: 39024 / 6943
[28, 29]; [-0.05, 0]: 39253 / 6886
[28, 29]; [0, 0.05]: 38941 / 6919
[28, 29]; [0.05, 0.1]: 39427 / 6796
[28, 29]; [0.1, 0.15]: 39358 / 6950
[28, 29]; [0.15, 0.2]: 39082 / 6942
[28, 29]; [0.2, 0.25]: 38865 / 6928
[28, 29]; [0.25, 0.3]: 39072 / 6957
[28, 29]; [0.3, 0.35]: 38043 / 6845
[28, 29]; [0.35, 0.4]: 38253 / 6993
[28, 29]; [0.4, 0.45]: 38276 / 7065
[28, 29]; [0.45, 0.5]: 38355 / 7096
[28, 29]; [0.5, 0.55]: 37707 / 7018
[28, 29]; [0.55, 0.6]: 30881 / 5575
[28, 29]; [0.6, 0.65]: 13437 / 2438
[28, 29]; [0.65, 0.7]: 958 / 183
[28, 29]; [0.7, 0.75]: 0 / 0
[28, 29]; [0.75, 0.8]: 0 / 0
[28, 29]; [0.8, 0.85]: 0 / 0
[28, 29]; [0.85, 0.9]: 0 / 0
[28, 29]; [0.9, 0.95]: 0 / 0
[28, 29]; [0.95, 1]: 0 / 0

[29, 30]; [-1, -0.95]: 0 / 0
[29, 30]; [-0.95, -0.9]: 0 / 0
[29, 30]; [-0.9, -0.85]: 0 / 0
[29, 30]; [-0.85, -0.8]: 0 / 0
[29, 30]; [-0.8, -0.75]: 0 / 0
[29, 30]; [-0.75, -0.7]: 0 / 0
[29, 30]; [-0.7, -0.65]: 2001 / 396
[29, 30]; [-0.65, -0.6]: 15362 / 2826
[29, 30]; [-0.6, -0.55]: 28841 / 5335
[29, 30]; [-0.55, -0.5]: 32266 / 5941
[29, 30]; [-0.5, -0.45]: 32432 / 6054
[29, 30]; [-0.45, -0.4]: 32262 / 5849
[29, 30]; [-0.4, -0.35]: 32682 / 5843
[29, 30]; [-0.35, -0.3]: 33060 / 5799
[29, 30]; [-0.3, -0.25]: 33031 / 5689
[29, 30]; [-0.25, -0.2]: 33106 / 5787
[29, 30]; [-0.2, -0.15]: 33151 / 5776
[29, 30]; [-0.15, -0.1]: 33291 / 5661
[29, 30]; [-0.1, -0.05]: 32924 / 5810
[29, 30]; [-0.05, 0]: 33523 / 5894
[29, 30]; [0, 0.05]: 33357 / 5692
[29, 30]; [0.05, 0.1]: 32928 / 5835
[29, 30]; [0.1, 0.15]: 33163 / 5937
[29, 30]; [0.15, 0.2]: 33010 / 5788
[29, 30]; [0.2, 0.25]: 33045 / 5749
[29, 30]; [0.25, 0.3]: 32920 / 5811
[29, 30]; [0.3, 0.35]: 32808 / 5802
[29, 30]; [0.35, 0.4]: 32683 / 5822
[29, 30]; [0.4, 0.45]: 32377 / 5775
[29, 30]; [0.45, 0.5]: 32810 / 5961
[29, 30]; [0.5, 0.55]: 32626 / 6027
[29, 30]; [0.55, 0.6]: 29083 / 5376
[29, 30]; [0.6, 0.65]: 15530 / 2820
[29, 30]; [0.65, 0.7]: 2040 / 374
[29, 30]; [0.7, 0.75]: 0 / 0
[29, 30]; [0.75, 0.8]: 0 / 0
[29, 30]; [0.8, 0.85]: 0 / 0
[29, 30]; [0.85, 0.9]: 0 / 0
[29, 30]; [0.9, 0.95]: 0 / 0
[29, 30]; [0.95, 1]: 0 / 0

[30, 31]; [-1, -0.95]: 0 / 0
[30, 31]; [-0.95, -0.9]: 0 / 0
[30, 31]; [-0.9, -0.85]: 0 / 0
[30, 31]; [-0.85, -0.8]: 0 / 0
[30, 31]; [-0.8, -0.75]: 0 / 0
[30, 31]; [-0.75, -0.7]: 0 / 0
[30, 31]; [-0.7, -0.65]: 3135 / 539
[30, 31]; [-0.65, -0.6]: 17111 / 2957
[30, 31]; [-0.6, -0.55]: 26213 / 4792
[30, 31]; [-0.55, -0.5]: 27879 / 5086
[30, 31]; [-0.5, -0.45]: 28007 / 5001
[30, 31]; [-0.45, -0.4]: 27931 / 4949
[30, 31]; [-0.4, -0.35]: 27761 / 4805
[30, 31]; [-0.35, -0.3]: 27973 / 4870
[30, 31]; [-0.3, -0.25]: 28218 / 4860
[30, 31]; [-0.25, -0.2]: 28167 / 4742
[30, 31]; [-0.2, -0.15]: 28502 / 5024
[30, 31]; [-0.15, -0.1]: 28388 / 4822
[30, 31]; [-0.1, -0.05]: 28390 / 4944
[30, 31]; [-0.05, 0]: 28281 / 4760
[30, 31]; [0, 0.05]: 28366 / 4853
[30, 31]; [0.05, 0.1]: 28585 / 4748
[30, 31]; [0.1, 0.15]: 28600 / 4903
[30, 31]; [0.15, 0.2]: 28360 / 4951
[30, 31]; [0.2, 0.25]: 28214 / 4768
[30, 31]; [0.25, 0.3]: 28247 / 4985
[30, 31]; [0.3, 0.35]: 27885 / 4862
[30, 31]; [0.35, 0.4]: 27992 / 4892
[30, 31]; [0.4, 0.45]: 27799 / 4950
[30, 31]; [0.45, 0.5]: 27783 / 5051
[30, 31]; [0.5, 0.55]: 28092 / 5059
[30, 31]; [0.55, 0.6]: 26505 / 4715
[30, 31]; [0.6, 0.65]: 17360 / 3147
[30, 31]; [0.65, 0.7]: 3300 / 605
[30, 31]; [0.7, 0.75]: 0 / 0
[30, 31]; [0.75, 0.8]: 0 / 0
[30, 31]; [0.8, 0.85]: 0 / 0
[30, 31]; [0.85, 0.9]: 0 / 0
[30, 31]; [0.9, 0.95]: 0 / 0
[30, 31]; [0.95, 1]: 0 / 0

[31, 32]; [-1, -0.95]: 0 / 0
[31, 32]; [-0.95, -0.9]: 0 / 0
[31, 32]; [-0.9, -0.85]: 0 / 0
[31, 32]; [-0.85, -0.8]: 0 / 0
[31, 32]; [-0.8, -0.75]: 0 / 0
[31, 32]; [-0.75, -0.7]: 12 / 2
[31, 32]; [-0.7, -0.65]: 4712 / 853
[31, 32]; [-0.65, -0.6]: 17739 / 2990
[31, 32]; [-0.6, -0.55]: 23444 / 4154
[31, 32]; [-0.55, -0.5]: 23595 / 4165
[31, 32]; [-0.5, -0.45]: 23941 / 4161
[31, 32]; [-0.45, -0.4]: 23815 / 4274
[31, 32]; [-0.4, -0.35]: 24041 / 4091
[31, 32]; [-0.35, -0.3]: 24149 / 4017
[31, 32]; [-0.3, -0.25]: 24387 / 4181
[31, 32]; [-0.25, -0.2]: 24601 / 4112
[31, 32]; [-0.2, -0.15]: 24439 / 4098
[31, 32]; [-0.15, -0.1]: 24321 / 4270
[31, 32]; [-0.1, -0.05]: 24477 / 4282
[31, 32]; [-0.05, 0]: 24539 / 4011
[31, 32]; [0, 0.05]: 24290 / 4150
[31, 32]; [0.05, 0.1]: 24306 / 4141
[31, 32]; [0.1, 0.15]: 24369 / 4136
[31, 32]; [0.15, 0.2]: 24579 / 4131
[31, 32]; [0.2, 0.25]: 24238 / 4063
[31, 32]; [0.25, 0.3]: 24397 / 4156
[31, 32]; [0.3, 0.35]: 24184 / 4068
[31, 32]; [0.35, 0.4]: 24339 / 4009
[31, 32]; [0.4, 0.45]: 23833 / 4220
[31, 32]; [0.45, 0.5]: 23903 / 4234
[31, 32]; [0.5, 0.55]: 23756 / 4259
[31, 32]; [0.55, 0.6]: 23307 / 4108
[31, 32]; [0.6, 0.65]: 17584 / 3177
[31, 32]; [0.65, 0.7]: 4774 / 877
[31, 32]; [0.7, 0.75]: 10 / 2
[31, 32]; [0.75, 0.8]: 0 / 0
[31, 32]; [0.8, 0.85]: 0 / 0
[31, 32]; [0.85, 0.9]: 0 / 0
[31, 32]; [0.9, 0.95]: 0 / 0
[31, 32]; [0.95, 1]: 0 / 0

[32, 33]; [-1, -0.95]: 0 / 0
[32, 33]; [-0.95, -0.9]: 0 / 0
[32, 33]; [-0.9, -0.85]: 0 / 0
[32, 33]; [-0.85, -0.8]: 0 / 0
[32, 33]; [-0.8, -0.75]: 0 / 0
[32, 33]; [-0.75, -0.7]: 106 / 23
[32, 33]; [-0.7, -0.65]: 6249 / 1021
[32, 33]; [-0.65, -0.6]: 16742 / 2914
[32, 33]; [-0.6, -0.55]: 20396 / 3478
[32, 33]; [-0.55, -0.5]: 20436 / 3460
[32, 33]; [-0.5, -0.45]: 20395 / 3524
[32, 33]; [-0.45, -0.4]: 20544 / 3543
[32, 33]; [-0.4, -0.35]: 20670 / 3488
[32, 33]; [-0.35, -0.3]: 21005 / 3606
[32, 33]; [-0.3, -0.25]: 20854 / 3600
[32, 33]; [-0.25, -0.2]: 20899 / 3423
[32, 33]; [-0.2, -0.15]: 21095 / 3516
[32, 33]; [-0.15, -0.1]: 20957 / 3606
[32, 33]; [-0.1, -0.05]: 20854 / 3427
[32, 33]; [-0.05, 0]: 21005 / 3528
[32, 33]; [0, 0.05]: 20923 / 3399
[32, 33]; [0.05, 0.1]: 21153 / 3559
[32, 33]; [0.1, 0.15]: 21092 / 3530
[32, 33]; [0.15, 0.2]: 21002 / 3381
[32, 33]; [0.2, 0.25]: 21127 / 3446
[32, 33]; [0.25, 0.3]: 20813 / 3468
[32, 33]; [0.3, 0.35]: 20886 / 3478
[32, 33]; [0.35, 0.4]: 20640 / 3536
[32, 33]; [0.4, 0.45]: 20510 / 3521
[32, 33]; [0.45, 0.5]: 20544 / 3558
[32, 33]; [0.5, 0.55]: 20493 / 3512
[32, 33]; [0.55, 0.6]: 20499 / 3631
[32, 33]; [0.6, 0.65]: 16961 / 2984
[32, 33]; [0.65, 0.7]: 6395 / 1080
[32, 33]; [0.7, 0.75]: 128 / 22
[32, 33]; [0.75, 0.8]: 0 / 0
[32, 33]; [0.8, 0.85]: 0 / 0
[32, 33]; [0.85, 0.9]: 0 / 0
[32, 33]; [0.9, 0.95]: 0 / 0
[32, 33]; [0.95, 1]: 0 / 0

[33, 34]; [-1, -0.95]: 0 / 0
[33, 34]; [-0.95, -0.9]: 0 / 0
[33, 34]; [-0.9, -0.85]: 0 / 0
[33, 34]; [-0.85, -0.8]: 0 / 0
[33, 34]; [-0.8, -0.75]: 0 / 0
[33, 34]; [-0.75, -0.7]: 378 / 65
[33, 34]; [-0.7, -0.65]: 7293 / 1223
[33, 34]; [-0.65, -0.6]: 15868 / 2739
[33, 34]; [-0.6, -0.55]: 17601 / 2982
[33, 34]; [-0.55, -0.5]: 17854 / 2996
[33, 34]; [-0.5, -0.45]: 17716 / 3022
[33, 34]; [-0.45, -0.4]: 18140 / 2905
[33, 34]; [-0.4, -0.35]: 18113 / 2980
[33, 34]; [-0.35, -0.3]: 18049 / 2867
[33, 34]; [-0.3, -0.25]: 17948 / 2809
[33, 34]; [-0.25, -0.2]: 18360 / 2927
[33, 34]; [-0.2, -0.15]: 18331 / 2832
[33, 34]; [-0.15, -0.1]: 18115 / 2927
[33, 34]; [-0.1, -0.05]: 18175 / 3022
[33, 34]; [-0.05, 0]: 18011 / 2988
[33, 34]; [0, 0.05]: 18227 / 2943
[33, 34]; [0.05, 0.1]: 18017 / 2930
[33, 34]; [0.1, 0.15]: 18232 / 2908
[33, 34]; [0.15, 0.2]: 18140 / 2892
[33, 34]; [0.2, 0.25]: 18168 / 2981
[33, 34]; [0.25, 0.3]: 18316 / 2953
[33, 34]; [0.3, 0.35]: 18172 / 2895
[33, 34]; [0.35, 0.4]: 17901 / 3016
[33, 34]; [0.4, 0.45]: 17873 / 3024
[33, 34]; [0.45, 0.5]: 17833 / 2981
[33, 34]; [0.5, 0.55]: 17924 / 2949
[33, 34]; [0.55, 0.6]: 17782 / 3080
[33, 34]; [0.6, 0.65]: 15870 / 2767
[33, 34]; [0.65, 0.7]: 7458 / 1254
[33, 34]; [0.7, 0.75]: 392 / 65
[33, 34]; [0.75, 0.8]: 0 / 0
[33, 34]; [0.8, 0.85]: 0 / 0
[33, 34]; [0.85, 0.9]: 0 / 0
[33, 34]; [0.9, 0.95]: 0 / 0
[33, 34]; [0.95, 1]: 0 / 0

[34, 35]; [-1, -0.95]: 0 / 0
[34, 35]; [-0.95, -0.9]: 0 / 0
[34, 35]; [-0.9, -0.85]: 0 / 0
[34, 35]; [-0.85, -0.8]: 0 / 0
[34, 35]; [-0.8, -0.75]: 0 / 0
[34, 35]; [-0.75, -0.7]: 742 / 133
[34, 35]; [-0.7, -0.65]: 8251 / 1415
[34, 35]; [-0.65, -0.6]: 14641 / 2444
[34, 35]; [-0.6, -0.55]: 15377 / 2652
[34, 35]; [-0.55, -0.5]: 15291 / 2613
[34, 35]; [-0.5, -0.45]: 15280 / 2616
[34, 35]; [-0.45, -0.4]: 15589 / 2515
[34, 35]; [-0.4, -0.35]: 15755 / 2516
[34, 35]; [-0.35, -0.3]: 15614 / 2535
[34, 35]; [-0.3, -0.25]: 15696 / 2502
[34, 35]; [-0.25, -0.2]: 15732 / 2592
[34, 35]; [-0.2, -0.15]: 15821 / 2540
[34, 35]; [-0.15, -0.1]: 15944 / 2539
[34, 35]; [-0.1, -0.05]: 15738 / 2555
[34, 35]; [-0.05, 0]: 15708 / 2495
[34, 35]; [0, 0.05]: 15820 / 2409
[34, 35]; [0.05, 0.1]: 15822 / 2461
[34, 35]; [0.1, 0.15]: 15935 / 2479
[34, 35]; [0.15, 0.2]: 15868 / 2510
[34, 35]; [0.2, 0.25]: 15728 / 2548
[34, 35]; [0.25, 0.3]: 15661 / 2462
[34, 35]; [0.3, 0.35]: 15697 / 2573
[34, 35]; [0.35, 0.4]: 15522 / 2612
[34, 35]; [0.4, 0.45]: 15609 / 2597
[34, 35]; [0.45, 0.5]: 15419 / 2561
[34, 35]; [0.5, 0.55]: 15637 / 2557
[34, 35]; [0.55, 0.6]: 15570 / 2675
[34, 35]; [0.6, 0.65]: 14865 / 2543
[34, 35]; [0.65, 0.7]: 8273 / 1415
[34, 35]; [0.7, 0.75]: 694 / 118
[34, 35]; [0.75, 0.8]: 0 / 0
[34, 35]; [0.8, 0.85]: 0 / 0
[34, 35]; [0.85, 0.9]: 0 / 0
[34, 35]; [0.9, 0.95]: 0 / 0
[34, 35]; [0.95, 1]: 0 / 0

[35, 36]; [-1, -0.95]: 0 / 0
[35, 36]; [-0.95, -0.9]: 0 / 0
[35, 36]; [-0.9, -0.85]: 0 / 0
[35, 36]; [-0.85, -0.8]: 0 / 0
[35, 36]; [-0.8, -0.75]: 0 / 0
[35, 36]; [-0.75, -0.7]: 1171 / 176
[35, 36]; [-0.7, -0.65]: 8566 / 1433
[35, 36]; [-0.65, -0.6]: 13477 / 2196
[35, 36]; [-0.6, -0.55]: 13311 / 2212
[35, 36]; [-0.55, -0.5]: 13563 / 2254
[35, 36]; [-0.5, -0.45]: 13466 / 2158
[35, 36]; [-0.45, -0.4]: 13536 / 2173
[35, 36]; [-0.4, -0.35]: 13582 / 2106
[35, 36]; [-0.35, -0.3]: 13579 / 2077
[35, 36]; [-0.3, -0.25]: 13693 / 2143
[35, 36]; [-0.25, -0.2]: 13973 / 2197
[35, 36]; [-0.2, -0.15]: 13766 / 2135
[35, 36]; [-0.15, -0.1]: 13885 / 2147
[35, 36]; [-0.1, -0.05]: 13816 / 2133
[35, 36]; [-0.05, 0]: 13597 / 2181
[35, 36]; [0, 0.05]: 13712 / 2177
[35, 36]; [0.05, 0.1]: 13590 / 2134
[35, 36]; [0.1, 0.15]: 13801 / 2097
[35, 36]; [0.15, 0.2]: 13699 / 2207
[35, 36]; [0.2, 0.25]: 13678 / 2171
[35, 36]; [0.25, 0.3]: 13616 / 2203
[35, 36]; [0.3, 0.35]: 13816 / 2239
[35, 36]; [0.35, 0.4]: 13601 / 2130
[35, 36]; [0.4, 0.45]: 13604 / 2171
[35, 36]; [0.45, 0.5]: 13485 / 2221
[35, 36]; [0.5, 0.55]: 13432 / 2259
[35, 36]; [0.55, 0.6]: 13298 / 2213
[35, 36]; [0.6, 0.65]: 13263 / 2148
[35, 36]; [0.65, 0.7]: 8729 / 1446
[35, 36]; [0.7, 0.75]: 1223 / 229
[35, 36]; [0.75, 0.8]: 0 / 0
[35, 36]; [0.8, 0.85]: 0 / 0
[35, 36]; [0.85, 0.9]: 0 / 0
[35, 36]; [0.9, 0.95]: 0 / 0
[35, 36]; [0.95, 1]: 0 / 0

[36, 37]; [-1, -0.95]: 0 / 0
[36, 37]; [-0.95, -0.9]: 0 / 0
[36, 37]; [-0.9, -0.85]: 0 / 0
[36, 37]; [-0.85, -0.8]: 0 / 0
[36, 37]; [-0.8, -0.75]: 0 / 0
[36, 37]; [-0.75, -0.7]: 1545 / 250
[36, 37]; [-0.7, -0.65]: 8964 / 1358
[36, 37]; [-0.65, -0.6]: 11558 / 1877
[36, 37]; [-0.6, -0.55]: 11892 / 2016
[36, 37]; [-0.55, -0.5]: 11817 / 1953
[36, 37]; [-0.5, -0.45]: 11805 / 1866
[36, 37]; [-0.45, -0.4]: 12009 / 1843
[36, 37]; [-0.4, -0.35]: 11676 / 1833
[36, 37]; [-0.35, -0.3]: 11841 / 1869
[36, 37]; [-0.3, -0.25]: 11878 / 1851
[36, 37]; [-0.25, -0.2]: 11910 / 1787
[36, 37]; [-0.2, -0.15]: 12015 / 1852
[36, 37]; [-0.15, -0.1]: 12074 / 1847
[36, 37]; [-0.1, -0.05]: 11847 / 1843
[36, 37]; [-0.05, 0]: 11772 / 1792
[36, 37]; [0, 0.05]: 11951 / 1918
[36, 37]; [0.05, 0.1]: 12237 / 1852
[36, 37]; [0.1, 0.15]: 11943 / 1870
[36, 37]; [0.15, 0.2]: 12132 / 1780
[36, 37]; [0.2, 0.25]: 11842 / 1804
[36, 37]; [0.25, 0.3]: 12002 / 1872
[36, 37]; [0.3, 0.35]: 11938 / 1875
[36, 37]; [0.35, 0.4]: 11978 / 1865
[36, 37]; [0.4, 0.45]: 11876 / 1858
[36, 37]; [0.45, 0.5]: 11721 / 1828
[36, 37]; [0.5, 0.55]: 11726 / 1876
[36, 37]; [0.55, 0.6]: 11891 / 1862
[36, 37]; [0.6, 0.65]: 11799 / 1922
[36, 37]; [0.65, 0.7]: 8839 / 1460
[36, 37]; [0.7, 0.75]: 1723 / 253
[36, 37]; [0.75, 0.8]: 0 / 0
[36, 37]; [0.8, 0.85]: 0 / 0
[36, 37]; [0.85, 0.9]: 0 / 0
[36, 37]; [0.9, 0.95]: 0 / 0
[36, 37]; [0.95, 1]: 0 / 0

[37, 38]; [-1, -0.95]: 0 / 0
[37, 38]; [-0.95, -0.9]: 0 / 0
[37, 38]; [-0.9, -0.85]: 0 / 0
[37, 38]; [-0.85, -0.8]: 0 / 0
[37, 38]; [-0.8, -0.75]: 0 / 0
[37, 38]; [-0.75, -0.7]: 2204 / 378
[37, 38]; [-0.7, -0.65]: 8497 / 1448
[37, 38]; [-0.65, -0.6]: 10310 / 1664
[37, 38]; [-0.6, -0.55]: 10167 / 1692
[37, 38]; [-0.55, -0.5]: 10303 / 1590
[37, 38]; [-0.5, -0.45]: 10432 / 1674
[37, 38]; [-0.45, -0.4]: 10457 / 1610
[37, 38]; [-0.4, -0.35]: 10180 / 1564
[37, 38]; [-0.35, -0.3]: 10487 / 1659
[37, 38]; [-0.3, -0.25]: 10518 / 1553
[37, 38]; [-0.25, -0.2]: 10580 / 1675
[37, 38]; [-0.2, -0.15]: 10439 / 1638
[37, 38]; [-0.15, -0.1]: 10307 / 1529
[37, 38]; [-0.1, -0.05]: 10224 / 1570
[37, 38]; [-0.05, 0]: 10490 / 1559
[37, 38]; [0, 0.05]: 10447 / 1539
[37, 38]; [0.05, 0.1]: 10473 / 1568
[37, 38]; [0.1, 0.15]: 10220 / 1575
[37, 38]; [0.15, 0.2]: 10433 / 1591
[37, 38]; [0.2, 0.25]: 10381 / 1641
[37, 38]; [0.25, 0.3]: 10529 / 1526
[37, 38]; [0.3, 0.35]: 10620 / 1592
[37, 38]; [0.35, 0.4]: 10498 / 1677
[37, 38]; [0.4, 0.45]: 10453 / 1655
[37, 38]; [0.45, 0.5]: 10489 / 1610
[37, 38]; [0.5, 0.55]: 10367 / 1738
[37, 38]; [0.55, 0.6]: 10209 / 1637
[37, 38]; [0.6, 0.65]: 10126 / 1641
[37, 38]; [0.65, 0.7]: 8594 / 1430
[37, 38]; [0.7, 0.75]: 2203 / 374
[37, 38]; [0.75, 0.8]: 1 / 0
[37, 38]; [0.8, 0.85]: 0 / 0
[37, 38]; [0.85, 0.9]: 0 / 0
[37, 38]; [0.9, 0.95]: 0 / 0
[37, 38]; [0.95, 1]: 0 / 0

[38, 39]; [-1, -0.95]: 0 / 0
[38, 39]; [-0.95, -0.9]: 0 / 0
[38, 39]; [-0.9, -0.85]: 0 / 0
[38, 39]; [-0.85, -0.8]: 0 / 0
[38, 39]; [-0.8, -0.75]: 6 / 1
[38, 39]; [-0.75, -0.7]: 2777 / 426
[38, 39]; [-0.7, -0.65]: 8018 / 1269
[38, 39]; [-0.65, -0.6]: 9079 / 1400
[38, 39]; [-0.6, -0.55]: 9080 / 1432
[38, 39]; [-0.55, -0.5]: 9207 / 1388
[38, 39]; [-0.5, -0.45]: 8985 / 1418
[38, 39]; [-0.45, -0.4]: 9082 / 1387
[38, 39]; [-0.4, -0.35]: 9218 / 1381
[38, 39]; [-0.35, -0.3]: 9160 / 1385
[38, 39]; [-0.3, -0.25]: 9337 / 1377
[38, 39]; [-0.25, -0.2]: 9135 / 1423
[38, 39]; [-0.2, -0.15]: 9081 / 1397
[38, 39]; [-0.15, -0.1]: 9186 / 1355
[38, 39]; [-0.1, -0.05]: 9146 / 1360
[38, 39]; [-0.05, 0]: 9392 / 1287
[38, 39]; [0, 0.05]: 8990 / 1382
[38, 39]; [0.05, 0.1]: 9137 / 1404
[38, 39]; [0.1, 0.15]: 9203 / 1338
[38, 39]; [0.15, 0.2]: 9236 / 1335
[38, 39]; [0.2, 0.25]: 9243 / 1441
[38, 39]; [0.25, 0.3]: 9421 / 1348
[38, 39]; [0.3, 0.35]: 9210 / 1429
[38, 39]; [0.35, 0.4]: 9232 / 1346
[38, 39]; [0.4, 0.45]: 9370 / 1445
[38, 39]; [0.45, 0.5]: 9247 / 1431
[38, 39]; [0.5, 0.55]: 9120 / 1383
[38, 39]; [0.55, 0.6]: 9165 / 1404
[38, 39]; [0.6, 0.65]: 9064 / 1521
[38, 39]; [0.65, 0.7]: 8151 / 1316
[38, 39]; [0.7, 0.75]: 2805 / 463
[38, 39]; [0.75, 0.8]: 4 / 0
[38, 39]; [0.8, 0.85]: 0 / 0
[38, 39]; [0.85, 0.9]: 0 / 0
[38, 39]; [0.9, 0.95]: 0 / 0
[38, 39]; [0.95, 1]: 0 / 0

[39, 40]; [-1, -0.95]: 0 / 0
[39, 40]; [-0.95, -0.9]: 0 / 0
[39, 40]; [-0.9, -0.85]: 0 / 0
[39, 40]; [-0.85, -0.8]: 0 / 0
[39, 40]; [-0.8, -0.75]: 47 / 2
[39, 40]; [-0.75, -0.7]: 3133 / 524
[39, 40]; [-0.7, -0.65]: 7380 / 1142
[39, 40]; [-0.65, -0.6]: 7937 / 1169
[39, 40]; [-0.6, -0.55]: 8075 / 1231
[39, 40]; [-0.55, -0.5]: 8007 / 1278
[39, 40]; [-0.5, -0.45]: 7994 / 1231
[39, 40]; [-0.45, -0.4]: 8052 / 1236
[39, 40]; [-0.4, -0.35]: 8020 / 1283
[39, 40]; [-0.35, -0.3]: 8128 / 1210
[39, 40]; [-0.3, -0.25]: 8020 / 1259
[39, 40]; [-0.25, -0.2]: 8042 / 1223
[39, 40]; [-0.2, -0.15]: 8167 / 1158
[39, 40]; [-0.15, -0.1]: 8323 / 1161
[39, 40]; [-0.1, -0.05]: 8064 / 1197
[39, 40]; [-0.05, 0]: 8126 / 1227
[39, 40]; [0, 0.05]: 8200 / 1154
[39, 40]; [0.05, 0.1]: 8249 / 1163
[39, 40]; [0.1, 0.15]: 8046 / 1203
[39, 40]; [0.15, 0.2]: 8096 / 1200
[39, 40]; [0.2, 0.25]: 8116 / 1259
[39, 40]; [0.25, 0.3]: 8089 / 1211
[39, 40]; [0.3, 0.35]: 8053 / 1252
[39, 40]; [0.35, 0.4]: 8207 / 1203
[39, 40]; [0.4, 0.45]: 8024 / 1160
[39, 40]; [0.45, 0.5]: 8090 / 1219
[39, 40]; [0.5, 0.55]: 7962 / 1240
[39, 40]; [0.55, 0.6]: 7990 / 1245
[39, 40]; [0.6, 0.65]: 8060 / 1365
[39, 40]; [0.65, 0.7]: 7595 / 1213
[39, 40]; [0.7, 0.75]: 3182 / 529
[39, 40]; [0.75, 0.8]: 45 / 6
[39, 40]; [0.8, 0.85]: 0 / 0
[39, 40]; [0.85, 0.9]: 0 / 0
[39, 40]; [0.9, 0.95]: 0 / 0
[39, 40]; [0.95, 1]: 0 / 0

[40, 42]; [-1, -0.95]: 0 / 0
[40, 42]; [-0.95, -0.9]: 0 / 0
[40, 42]; [-0.9, -0.85]: 0 / 0
[40, 42]; [-0.85, -0.8]: 0 / 0
[40, 42]; [-0.8, -0.75]: 319 / 40
[40, 42]; [-0.75, -0.7]: 7107 / 1145
[40, 42]; [-0.7, -0.65]: 12970 / 2078
[40, 42]; [-0.65, -0.6]: 13436 / 2075
[40, 42]; [-0.6, -0.55]: 13209 / 1954
[40, 42]; [-0.55, -0.5]: 13361 / 2043
[40, 42]; [-0.5, -0.45]: 13476 / 2059
[40, 42]; [-0.45, -0.4]: 13627 / 2012
[40, 42]; [-0.4, -0.35]: 13403 / 1991
[40, 42]; [-0.35, -0.3]: 13452 / 1971
[40, 42]; [-0.3, -0.25]: 13524 / 1962
[40, 42]; [-0.25, -0.2]: 13459 / 1938
[40, 42]; [-0.2, -0.15]: 13215 / 1898
[40, 42]; [-0.15, -0.1]: 13489 / 2003
[40, 42]; [-0.1, -0.05]: 13384 / 1943
[40, 42]; [-0.05, 0]: 13432 / 1962
[40, 42]; [0, 0.05]: 13908 / 1862
[40, 42]; [0.05, 0.1]: 13542 / 1887
[40, 42]; [0.1, 0.15]: 13706 / 1959
[40, 42]; [0.15, 0.2]: 13587 / 2035
[40, 42]; [0.2, 0.25]: 13386 / 1986
[40, 42]; [0.25, 0.3]: 13479 / 1879
[40, 42]; [0.3, 0.35]: 13534 / 2022
[40, 42]; [0.35, 0.4]: 13642 / 1962
[40, 42]; [0.4, 0.45]: 13571 / 1977
[40, 42]; [0.45, 0.5]: 13344 / 2000
[40, 42]; [0.5, 0.55]: 13385 / 2035
[40, 42]; [0.55, 0.6]: 13353 / 2012
[40, 42]; [0.6, 0.65]: 13406 / 2030
[40, 42]; [0.65, 0.7]: 13147 / 2038
[40, 42]; [0.7, 0.75]: 7396 / 1159
[40, 42]; [0.75, 0.8]: 290 / 52
[40, 42]; [0.8, 0.85]: 0 / 0
[40, 42]; [0.85, 0.9]: 0 / 0
[40, 42]; [0.9, 0.95]: 0 / 0
[40, 42]; [0.95, 1]: 0 / 0

[42, 44]; [-1, -0.95]: 0 / 0
[42, 44]; [-0.95, -0.9]: 0 / 0
[42, 44]; [-0.9, -0.85]: 0 / 0
[42, 44]; [-0.85, -0.8]: 0 / 0
[42, 44]; [-0.8, -0.75]: 809 / 117
[42, 44]; [-0.75, -0.7]: 7700 / 1177
[42, 44]; [-0.7, -0.65]: 10482 / 1624
[42, 44]; [-0.65, -0.6]: 10657 / 1533
[42, 44]; [-0.6, -0.55]: 10480 / 1523
[42, 44]; [-0.55, -0.5]: 10559 / 1490
[42, 44]; [-0.5, -0.45]: 10566 / 1514
[42, 44]; [-0.45, -0.4]: 10603 / 1556
[42, 44]; [-0.4, -0.35]: 10470 / 1513
[42, 44]; [-0.35, -0.3]: 10467 / 1499
[42, 44]; [-0.3, -0.25]: 10562 / 1547
[42, 44]; [-0.25, -0.2]: 10521 / 1509
[42, 44]; [-0.2, -0.15]: 10560 / 1491
[42, 44]; [-0.15, -0.1]: 10543 / 1445
[42, 44]; [-0.1, -0.05]: 10523 / 1471
[42, 44]; [-0.05, 0]: 10536 / 1487
[42, 44]; [0, 0.05]: 10545 / 1471
[42, 44]; [0.05, 0.1]: 10557 / 1412
[42, 44]; [0.1, 0.15]: 10725 / 1483
[42, 44]; [0.15, 0.2]: 10648 / 1527
[42, 44]; [0.2, 0.25]: 10650 / 1518
[42, 44]; [0.25, 0.3]: 10556 / 1529
[42, 44]; [0.3, 0.35]: 10548 / 1526
[42, 44]; [0.35, 0.4]: 10562 / 1454
[42, 44]; [0.4, 0.45]: 10510 / 1457
[42, 44]; [0.45, 0.5]: 10760 / 1616
[42, 44]; [0.5, 0.55]: 10629 / 1499
[42, 44]; [0.55, 0.6]: 10576 / 1583
[42, 44]; [0.6, 0.65]: 10754 / 1603
[42, 44]; [0.65, 0.7]: 10554 / 1620
[42, 44]; [0.7, 0.75]: 7798 / 1127
[42, 44]; [0.75, 0.8]: 902 / 122
[42, 44]; [0.8, 0.85]: 0 / 0
[42, 44]; [0.85, 0.9]: 0 / 0
[42, 44]; [0.9, 0.95]: 0 / 0
[42, 44]; [0.95, 1]: 0 / 0

[44, 46]; [-1, -0.95]: 0 / 0
[44, 46]; [-0.95, -0.9]: 0 / 0
[44, 46]; [-0.9, -0.85]: 0 / 0
[44, 46]; [-0.85, -0.8]: 0 / 0
[44, 46]; [-0.8, -0.75]: 1439 / 220
[44, 46]; [-0.75, -0.7]: 7173 / 1111
[44, 46]; [-0.7, -0.65]: 8385 / 1218
[44, 46]; [-0.65, -0.6]: 8249 / 1204
[44, 46]; [-0.6, -0.55]: 8206 / 1161
[44, 46]; [-0.55, -0.5]: 8367 / 1170
[44, 46]; [-0.5, -0.45]: 8341 / 1140
[44, 46]; [-0.45, -0.4]: 8386 / 1162
[44, 46]; [-0.4, -0.35]: 8515 / 1182
[44, 46]; [-0.35, -0.3]: 8270 / 1176
[44, 46]; [-0.3, -0.25]: 8413 / 1100
[44, 46]; [-0.25, -0.2]: 8388 / 1099
[44, 46]; [-0.2, -0.15]: 8324 / 1126
[44, 46]; [-0.15, -0.1]: 8311 / 1180
[44, 46]; [-0.1, -0.05]: 8449 / 1188
[44, 46]; [-0.05, 0]: 8305 / 1134
[44, 46]; [0, 0.05]: 8390 / 1130
[44, 46]; [0.05, 0.1]: 8442 / 1090
[44, 46]; [0.1, 0.15]: 8535 / 1148
[44, 46]; [0.15, 0.2]: 8340 / 1191
[44, 46]; [0.2, 0.25]: 8505 / 1135
[44, 46]; [0.25, 0.3]: 8380 / 1192
[44, 46]; [0.3, 0.35]: 8518 / 1192
[44, 46]; [0.35, 0.4]: 8430 / 1171
[44, 46]; [0.4, 0.45]: 8344 / 1246
[44, 46]; [0.45, 0.5]: 8554 / 1185
[44, 46]; [0.5, 0.55]: 8419 / 1229
[44, 46]; [0.55, 0.6]: 8456 / 1187
[44, 46]; [0.6, 0.65]: 8464 / 1220
[44, 46]; [0.65, 0.7]: 8312 / 1253
[44, 46]; [0.7, 0.75]: 7183 / 1039
[44, 46]; [0.75, 0.8]: 1497 / 226
[44, 46]; [0.8, 0.85]: 0 / 0
[44, 46]; [0.85, 0.9]: 0 / 0
[44, 46]; [0.9, 0.95]: 0 / 0
[44, 46]; [0.95, 1]: 0 / 0

