[pTmin, pTmax]; [cosmin, cosmax]: data entries / mc entries

[25, 26]; [-1, -0.95]: 0 / 0
[25, 26]; [-0.95, -0.9]: 0 / 0
[25, 26]; [-0.9, -0.85]: 0 / 0
[25, 26]; [-0.85, -0.8]: 0 / 0
[25, 26]; [-0.8, -0.75]: 0 / 0
[25, 26]; [-0.75, -0.7]: 0 / 0
[25, 26]; [-0.7, -0.65]: 0 / 0
[25, 26]; [-0.65, -0.6]: 0.000329054 / 798
[25, 26]; [-0.6, -0.55]: 0.00211198 / 4870
[25, 26]; [-0.55, -0.5]: 0.00415651 / 9554
[25, 26]; [-0.5, -0.45]: 0.00509946 / 11498
[25, 26]; [-0.45, -0.4]: 0.00521923 / 11944
[25, 26]; [-0.4, -0.35]: 0.00529854 / 11783
[25, 26]; [-0.35, -0.3]: 0.00525324 / 11722
[25, 26]; [-0.3, -0.25]: 0.00524087 / 11620
[25, 26]; [-0.25, -0.2]: 0.00529671 / 11596
[25, 26]; [-0.2, -0.15]: 0.00530389 / 11756
[25, 26]; [-0.15, -0.1]: 0.00535688 / 11894
[25, 26]; [-0.1, -0.05]: 0.00533549 / 11760
[25, 26]; [-0.05, 0]: 0.00537209 / 11794
[25, 26]; [0, 0.05]: 0.00538438 / 11774
[25, 26]; [0.05, 0.1]: 0.00535872 / 11687
[25, 26]; [0.1, 0.15]: 0.00537285 / 11677
[25, 26]; [0.15, 0.2]: 0.00534827 / 11635
[25, 26]; [0.2, 0.25]: 0.00531183 / 11757
[25, 26]; [0.25, 0.3]: 0.00530264 / 11637
[25, 26]; [0.3, 0.35]: 0.00527748 / 11777
[25, 26]; [0.35, 0.4]: 0.00526135 / 11769
[25, 26]; [0.4, 0.45]: 0.00526979 / 11947
[25, 26]; [0.45, 0.5]: 0.005169 / 11594
[25, 26]; [0.5, 0.55]: 0.00417874 / 9639
[25, 26]; [0.55, 0.6]: 0.00214198 / 4956
[25, 26]; [0.6, 0.65]: 0.00032989 / 765
[25, 26]; [0.65, 0.7]: 0 / 0
[25, 26]; [0.7, 0.75]: 0 / 0
[25, 26]; [0.75, 0.8]: 0 / 0
[25, 26]; [0.8, 0.85]: 0 / 0
[25, 26]; [0.85, 0.9]: 0 / 0
[25, 26]; [0.9, 0.95]: 0 / 0
[25, 26]; [0.95, 1]: 0 / 0

[26, 27]; [-1, -0.95]: 0 / 0
[26, 27]; [-0.95, -0.9]: 0 / 0
[26, 27]; [-0.9, -0.85]: 0 / 0
[26, 27]; [-0.85, -0.8]: 0 / 0
[26, 27]; [-0.8, -0.75]: 0 / 0
[26, 27]; [-0.75, -0.7]: 0 / 0
[26, 27]; [-0.7, -0.65]: 1.2537e-06 / 2
[26, 27]; [-0.65, -0.6]: 0.000579459 / 1308
[26, 27]; [-0.6, -0.55]: 0.00249628 / 5383
[26, 27]; [-0.55, -0.5]: 0.00395232 / 8896
[26, 27]; [-0.5, -0.45]: 0.00445364 / 9981
[26, 27]; [-0.45, -0.4]: 0.00448113 / 10037
[26, 27]; [-0.4, -0.35]: 0.00453254 / 10058
[26, 27]; [-0.35, -0.3]: 0.00449752 / 9850
[26, 27]; [-0.3, -0.25]: 0.00449467 / 9788
[26, 27]; [-0.25, -0.2]: 0.00451941 / 9816
[26, 27]; [-0.2, -0.15]: 0.00458009 / 9985
[26, 27]; [-0.15, -0.1]: 0.00453655 / 9709
[26, 27]; [-0.1, -0.05]: 0.00452836 / 9932
[26, 27]; [-0.05, 0]: 0.00453579 / 9944
[26, 27]; [0, 0.05]: 0.0045429 / 9895
[26, 27]; [0.05, 0.1]: 0.00455368 / 10070
[26, 27]; [0.1, 0.15]: 0.00454365 / 9775
[26, 27]; [0.15, 0.2]: 0.00455285 / 9803
[26, 27]; [0.2, 0.25]: 0.00453738 / 9790
[26, 27]; [0.25, 0.3]: 0.00452451 / 9878
[26, 27]; [0.3, 0.35]: 0.00452025 / 10098
[26, 27]; [0.35, 0.4]: 0.00445899 / 9762
[26, 27]; [0.4, 0.45]: 0.00445255 / 10125
[26, 27]; [0.45, 0.5]: 0.00444695 / 10109
[26, 27]; [0.5, 0.55]: 0.00393552 / 9072
[26, 27]; [0.55, 0.6]: 0.00252135 / 5662
[26, 27]; [0.6, 0.65]: 0.00058882 / 1288
[26, 27]; [0.65, 0.7]: 1.17012e-06 / 5
[26, 27]; [0.7, 0.75]: 0 / 0
[26, 27]; [0.75, 0.8]: 0 / 0
[26, 27]; [0.8, 0.85]: 0 / 0
[26, 27]; [0.85, 0.9]: 0 / 0
[26, 27]; [0.9, 0.95]: 0 / 0
[26, 27]; [0.95, 1]: 0 / 0

[27, 28]; [-1, -0.95]: 0 / 0
[27, 28]; [-0.95, -0.9]: 0 / 0
[27, 28]; [-0.9, -0.85]: 0 / 0
[27, 28]; [-0.85, -0.8]: 0 / 0
[27, 28]; [-0.8, -0.75]: 0 / 0
[27, 28]; [-0.75, -0.7]: 0 / 0
[27, 28]; [-0.7, -0.65]: 2.34024e-05 / 49
[27, 28]; [-0.65, -0.6]: 0.000837052 / 1855
[27, 28]; [-0.6, -0.55]: 0.00261413 / 5675
[27, 28]; [-0.55, -0.5]: 0.00357087 / 7934
[27, 28]; [-0.5, -0.45]: 0.00376009 / 8234
[27, 28]; [-0.45, -0.4]: 0.0037972 / 8355
[27, 28]; [-0.4, -0.35]: 0.00377906 / 8353
[27, 28]; [-0.35, -0.3]: 0.00381667 / 8399
[27, 28]; [-0.3, -0.25]: 0.00381901 / 8159
[27, 28]; [-0.25, -0.2]: 0.00383347 / 8114
[27, 28]; [-0.2, -0.15]: 0.00387259 / 8220
[27, 28]; [-0.15, -0.1]: 0.00384041 / 8211
[27, 28]; [-0.1, -0.05]: 0.003872 / 8366
[27, 28]; [-0.05, 0]: 0.0038359 / 8262
[27, 28]; [0, 0.05]: 0.00385011 / 8144
[27, 28]; [0.05, 0.1]: 0.00387593 / 8379
[27, 28]; [0.1, 0.15]: 0.00384952 / 8365
[27, 28]; [0.15, 0.2]: 0.00384359 / 8107
[27, 28]; [0.2, 0.25]: 0.00381467 / 8264
[27, 28]; [0.25, 0.3]: 0.00379854 / 8283
[27, 28]; [0.3, 0.35]: 0.00376962 / 8422
[27, 28]; [0.35, 0.4]: 0.00378307 / 8268
[27, 28]; [0.4, 0.45]: 0.00377589 / 8409
[27, 28]; [0.45, 0.5]: 0.00376068 / 8358
[27, 28]; [0.5, 0.55]: 0.00358248 / 8093
[27, 28]; [0.55, 0.6]: 0.00263293 / 6007
[27, 28]; [0.6, 0.65]: 0.000843989 / 1876
[27, 28]; [0.65, 0.7]: 2.3068e-05 / 61
[27, 28]; [0.7, 0.75]: 0 / 0
[27, 28]; [0.75, 0.8]: 0 / 0
[27, 28]; [0.8, 0.85]: 0 / 0
[27, 28]; [0.85, 0.9]: 0 / 0
[27, 28]; [0.9, 0.95]: 0 / 0
[27, 28]; [0.95, 1]: 0 / 0

[28, 29]; [-1, -0.95]: 0 / 0
[28, 29]; [-0.95, -0.9]: 0 / 0
[28, 29]; [-0.9, -0.85]: 0 / 0
[28, 29]; [-0.85, -0.8]: 0 / 0
[28, 29]; [-0.8, -0.75]: 0 / 0
[28, 29]; [-0.75, -0.7]: 0 / 0
[28, 29]; [-0.7, -0.65]: 8.36634e-05 / 186
[28, 29]; [-0.65, -0.6]: 0.00110601 / 2517
[28, 29]; [-0.6, -0.55]: 0.00253665 / 5614
[28, 29]; [-0.55, -0.5]: 0.00314971 / 6837
[28, 29]; [-0.5, -0.45]: 0.00320094 / 7036
[28, 29]; [-0.45, -0.4]: 0.00319735 / 7023
[28, 29]; [-0.4, -0.35]: 0.00319802 / 6896
[28, 29]; [-0.35, -0.3]: 0.00321047 / 6720
[28, 29]; [-0.3, -0.25]: 0.00323053 / 6769
[28, 29]; [-0.25, -0.2]: 0.00323513 / 6823
[28, 29]; [-0.2, -0.15]: 0.00324407 / 6767
[28, 29]; [-0.15, -0.1]: 0.00326112 / 6913
[28, 29]; [-0.1, -0.05]: 0.00326162 / 6943
[28, 29]; [-0.05, 0]: 0.00328076 / 6886
[28, 29]; [0, 0.05]: 0.00325468 / 6919
[28, 29]; [0.05, 0.1]: 0.0032953 / 6796
[28, 29]; [0.1, 0.15]: 0.00328954 / 6950
[28, 29]; [0.15, 0.2]: 0.00326647 / 6942
[28, 29]; [0.2, 0.25]: 0.00324833 / 6928
[28, 29]; [0.25, 0.3]: 0.00326563 / 6957
[28, 29]; [0.3, 0.35]: 0.00317963 / 6845
[28, 29]; [0.35, 0.4]: 0.00319718 / 6993
[28, 29]; [0.4, 0.45]: 0.0031991 / 7065
[28, 29]; [0.45, 0.5]: 0.00320571 / 7096
[28, 29]; [0.5, 0.55]: 0.00315155 / 7018
[28, 29]; [0.55, 0.6]: 0.00258103 / 5575
[28, 29]; [0.6, 0.65]: 0.00112306 / 2438
[28, 29]; [0.65, 0.7]: 8.00695e-05 / 183
[28, 29]; [0.7, 0.75]: 0 / 0
[28, 29]; [0.75, 0.8]: 0 / 0
[28, 29]; [0.8, 0.85]: 0 / 0
[28, 29]; [0.85, 0.9]: 0 / 0
[28, 29]; [0.9, 0.95]: 0 / 0
[28, 29]; [0.95, 1]: 0 / 0

[29, 30]; [-1, -0.95]: 0 / 0
[29, 30]; [-0.95, -0.9]: 0 / 0
[29, 30]; [-0.9, -0.85]: 0 / 0
[29, 30]; [-0.85, -0.8]: 0 / 0
[29, 30]; [-0.8, -0.75]: 0 / 0
[29, 30]; [-0.75, -0.7]: 0 / 0
[29, 30]; [-0.7, -0.65]: 0.000167243 / 396
[29, 30]; [-0.65, -0.6]: 0.00128395 / 2826
[29, 30]; [-0.6, -0.55]: 0.00241053 / 5335
[29, 30]; [-0.55, -0.5]: 0.00269679 / 5941
[29, 30]; [-0.5, -0.45]: 0.00271066 / 6054
[29, 30]; [-0.45, -0.4]: 0.00269645 / 5849
[29, 30]; [-0.4, -0.35]: 0.00273156 / 5843
[29, 30]; [-0.35, -0.3]: 0.00276315 / 5799
[29, 30]; [-0.3, -0.25]: 0.00276073 / 5689
[29, 30]; [-0.25, -0.2]: 0.00276699 / 5787
[29, 30]; [-0.2, -0.15]: 0.00277076 / 5776
[29, 30]; [-0.15, -0.1]: 0.00278246 / 5661
[29, 30]; [-0.1, -0.05]: 0.00275178 / 5810
[29, 30]; [-0.05, 0]: 0.00280185 / 5894
[29, 30]; [0, 0.05]: 0.00278797 / 5692
[29, 30]; [0.05, 0.1]: 0.00275212 / 5835
[29, 30]; [0.1, 0.15]: 0.00277176 / 5937
[29, 30]; [0.15, 0.2]: 0.00275897 / 5788
[29, 30]; [0.2, 0.25]: 0.0027619 / 5749
[29, 30]; [0.25, 0.3]: 0.00275145 / 5811
[29, 30]; [0.3, 0.35]: 0.00274209 / 5802
[29, 30]; [0.35, 0.4]: 0.00273164 / 5822
[29, 30]; [0.4, 0.45]: 0.00270606 / 5775
[29, 30]; [0.45, 0.5]: 0.00274225 / 5961
[29, 30]; [0.5, 0.55]: 0.00272688 / 6027
[29, 30]; [0.55, 0.6]: 0.00243075 / 5376
[29, 30]; [0.6, 0.65]: 0.001298 / 2820
[29, 30]; [0.65, 0.7]: 0.000170503 / 374
[29, 30]; [0.7, 0.75]: 0 / 0
[29, 30]; [0.75, 0.8]: 0 / 0
[29, 30]; [0.8, 0.85]: 0 / 0
[29, 30]; [0.85, 0.9]: 0 / 0
[29, 30]; [0.9, 0.95]: 0 / 0
[29, 30]; [0.95, 1]: 0 / 0

[30, 31]; [-1, -0.95]: 0 / 0
[30, 31]; [-0.95, -0.9]: 0 / 0
[30, 31]; [-0.9, -0.85]: 0 / 0
[30, 31]; [-0.85, -0.8]: 0 / 0
[30, 31]; [-0.8, -0.75]: 0 / 0
[30, 31]; [-0.75, -0.7]: 0 / 0
[30, 31]; [-0.7, -0.65]: 0.000262023 / 539
[30, 31]; [-0.65, -0.6]: 0.00143013 / 2957
[30, 31]; [-0.6, -0.55]: 0.00219088 / 4792
[30, 31]; [-0.55, -0.5]: 0.00233012 / 5086
[30, 31]; [-0.5, -0.45]: 0.00234082 / 5001
[30, 31]; [-0.45, -0.4]: 0.00233447 / 4949
[30, 31]; [-0.4, -0.35]: 0.00232026 / 4805
[30, 31]; [-0.35, -0.3]: 0.00233798 / 4870
[30, 31]; [-0.3, -0.25]: 0.00235846 / 4860
[30, 31]; [-0.25, -0.2]: 0.00235419 / 4742
[30, 31]; [-0.2, -0.15]: 0.00238219 / 5024
[30, 31]; [-0.15, -0.1]: 0.00237266 / 4822
[30, 31]; [-0.1, -0.05]: 0.00237283 / 4944
[30, 31]; [-0.05, 0]: 0.00236372 / 4760
[30, 31]; [0, 0.05]: 0.00237083 / 4853
[30, 31]; [0.05, 0.1]: 0.00238913 / 4748
[30, 31]; [0.1, 0.15]: 0.00239038 / 4903
[30, 31]; [0.15, 0.2]: 0.00237032 / 4951
[30, 31]; [0.2, 0.25]: 0.00235812 / 4768
[30, 31]; [0.25, 0.3]: 0.00236088 / 4985
[30, 31]; [0.3, 0.35]: 0.00233062 / 4862
[30, 31]; [0.35, 0.4]: 0.00233957 / 4892
[30, 31]; [0.4, 0.45]: 0.00232344 / 4950
[30, 31]; [0.45, 0.5]: 0.0023221 / 5051
[30, 31]; [0.5, 0.55]: 0.00234793 / 5059
[30, 31]; [0.55, 0.6]: 0.00221528 / 4715
[30, 31]; [0.6, 0.65]: 0.00145095 / 3147
[30, 31]; [0.65, 0.7]: 0.000275814 / 605
[30, 31]; [0.7, 0.75]: 0 / 0
[30, 31]; [0.75, 0.8]: 0 / 0
[30, 31]; [0.8, 0.85]: 0 / 0
[30, 31]; [0.85, 0.9]: 0 / 0
[30, 31]; [0.9, 0.95]: 0 / 0
[30, 31]; [0.95, 1]: 0 / 0

[31, 32]; [-1, -0.95]: 0 / 0
[31, 32]; [-0.95, -0.9]: 0 / 0
[31, 32]; [-0.9, -0.85]: 0 / 0
[31, 32]; [-0.85, -0.8]: 0 / 0
[31, 32]; [-0.8, -0.75]: 0 / 0
[31, 32]; [-0.75, -0.7]: 1.00296e-06 / 2
[31, 32]; [-0.7, -0.65]: 0.000393828 / 853
[31, 32]; [-0.65, -0.6]: 0.00148262 / 2990
[31, 32]; [-0.6, -0.55]: 0.00195945 / 4154
[31, 32]; [-0.55, -0.5]: 0.00197207 / 4165
[31, 32]; [-0.5, -0.45]: 0.00200099 / 4161
[31, 32]; [-0.45, -0.4]: 0.00199045 / 4274
[31, 32]; [-0.4, -0.35]: 0.00200934 / 4091
[31, 32]; [-0.35, -0.3]: 0.00201837 / 4017
[31, 32]; [-0.3, -0.25]: 0.00203826 / 4181
[31, 32]; [-0.25, -0.2]: 0.00205615 / 4112
[31, 32]; [-0.2, -0.15]: 0.00204261 / 4098
[31, 32]; [-0.15, -0.1]: 0.00203275 / 4270
[31, 32]; [-0.1, -0.05]: 0.00204578 / 4282
[31, 32]; [-0.05, 0]: 0.00205097 / 4011
[31, 32]; [0, 0.05]: 0.00203015 / 4150
[31, 32]; [0.05, 0.1]: 0.00203149 / 4141
[31, 32]; [0.1, 0.15]: 0.00203676 / 4136
[31, 32]; [0.15, 0.2]: 0.00205431 / 4131
[31, 32]; [0.2, 0.25]: 0.00202581 / 4063
[31, 32]; [0.25, 0.3]: 0.0020391 / 4156
[31, 32]; [0.3, 0.35]: 0.0020213 / 4068
[31, 32]; [0.35, 0.4]: 0.00203425 / 4009
[31, 32]; [0.4, 0.45]: 0.00199196 / 4220
[31, 32]; [0.45, 0.5]: 0.00199781 / 4234
[31, 32]; [0.5, 0.55]: 0.00198552 / 4259
[31, 32]; [0.55, 0.6]: 0.001948 / 4108
[31, 32]; [0.6, 0.65]: 0.00146967 / 3177
[31, 32]; [0.65, 0.7]: 0.00039901 / 877
[31, 32]; [0.7, 0.75]: 8.35799e-07 / 2
[31, 32]; [0.75, 0.8]: 0 / 0
[31, 32]; [0.8, 0.85]: 0 / 0
[31, 32]; [0.85, 0.9]: 0 / 0
[31, 32]; [0.9, 0.95]: 0 / 0
[31, 32]; [0.95, 1]: 0 / 0

[32, 33]; [-1, -0.95]: 0 / 0
[32, 33]; [-0.95, -0.9]: 0 / 0
[32, 33]; [-0.9, -0.85]: 0 / 0
[32, 33]; [-0.85, -0.8]: 0 / 0
[32, 33]; [-0.8, -0.75]: 0 / 0
[32, 33]; [-0.75, -0.7]: 8.85946e-06 / 23
[32, 33]; [-0.7, -0.65]: 0.00052229 / 1021
[32, 33]; [-0.65, -0.6]: 0.00139929 / 2914
[32, 33]; [-0.6, -0.55]: 0.00170469 / 3478
[32, 33]; [-0.55, -0.5]: 0.00170804 / 3460
[32, 33]; [-0.5, -0.45]: 0.00170461 / 3524
[32, 33]; [-0.45, -0.4]: 0.00171706 / 3543
[32, 33]; [-0.4, -0.35]: 0.0017276 / 3488
[32, 33]; [-0.35, -0.3]: 0.00175559 / 3606
[32, 33]; [-0.3, -0.25]: 0.00174297 / 3600
[32, 33]; [-0.25, -0.2]: 0.00174674 / 3423
[32, 33]; [-0.2, -0.15]: 0.00176312 / 3516
[32, 33]; [-0.15, -0.1]: 0.00175158 / 3606
[32, 33]; [-0.1, -0.05]: 0.00174297 / 3427
[32, 33]; [-0.05, 0]: 0.00175559 / 3528
[32, 33]; [0, 0.05]: 0.00174874 / 3399
[32, 33]; [0.05, 0.1]: 0.00176796 / 3559
[32, 33]; [0.1, 0.15]: 0.00176287 / 3530
[32, 33]; [0.15, 0.2]: 0.00175534 / 3381
[32, 33]; [0.2, 0.25]: 0.00176579 / 3446
[32, 33]; [0.25, 0.3]: 0.00173955 / 3468
[32, 33]; [0.3, 0.35]: 0.00174565 / 3478
[32, 33]; [0.35, 0.4]: 0.00172509 / 3536
[32, 33]; [0.4, 0.45]: 0.00171422 / 3521
[32, 33]; [0.45, 0.5]: 0.00171706 / 3558
[32, 33]; [0.5, 0.55]: 0.0017128 / 3512
[32, 33]; [0.55, 0.6]: 0.0017133 / 3631
[32, 33]; [0.6, 0.65]: 0.0014176 / 2984
[32, 33]; [0.65, 0.7]: 0.000534493 / 1080
[32, 33]; [0.7, 0.75]: 1.06982e-05 / 22
[32, 33]; [0.75, 0.8]: 0 / 0
[32, 33]; [0.8, 0.85]: 0 / 0
[32, 33]; [0.85, 0.9]: 0 / 0
[32, 33]; [0.9, 0.95]: 0 / 0
[32, 33]; [0.95, 1]: 0 / 0

[33, 34]; [-1, -0.95]: 0 / 0
[33, 34]; [-0.95, -0.9]: 0 / 0
[33, 34]; [-0.9, -0.85]: 0 / 0
[33, 34]; [-0.85, -0.8]: 0 / 0
[33, 34]; [-0.8, -0.75]: 0 / 0
[33, 34]; [-0.75, -0.7]: 3.15932e-05 / 65
[33, 34]; [-0.7, -0.65]: 0.000609548 / 1223
[33, 34]; [-0.65, -0.6]: 0.00132625 / 2739
[33, 34]; [-0.6, -0.55]: 0.00147109 / 2982
[33, 34]; [-0.55, -0.5]: 0.00149223 / 2996
[33, 34]; [-0.5, -0.45]: 0.0014807 / 3022
[33, 34]; [-0.45, -0.4]: 0.00151614 / 2905
[33, 34]; [-0.4, -0.35]: 0.00151388 / 2980
[33, 34]; [-0.35, -0.3]: 0.00150853 / 2867
[33, 34]; [-0.3, -0.25]: 0.00150009 / 2809
[33, 34]; [-0.25, -0.2]: 0.00153453 / 2927
[33, 34]; [-0.2, -0.15]: 0.0015321 / 2832
[33, 34]; [-0.15, -0.1]: 0.00151405 / 2927
[33, 34]; [-0.1, -0.05]: 0.00151906 / 3022
[33, 34]; [-0.05, 0]: 0.00150536 / 2988
[33, 34]; [0, 0.05]: 0.00152341 / 2943
[33, 34]; [0.05, 0.1]: 0.00150586 / 2930
[33, 34]; [0.1, 0.15]: 0.00152383 / 2908
[33, 34]; [0.15, 0.2]: 0.00151614 / 2892
[33, 34]; [0.2, 0.25]: 0.00151848 / 2981
[33, 34]; [0.25, 0.3]: 0.00153085 / 2953
[33, 34]; [0.3, 0.35]: 0.00151881 / 2895
[33, 34]; [0.35, 0.4]: 0.00149616 / 3016
[33, 34]; [0.4, 0.45]: 0.00149382 / 3024
[33, 34]; [0.45, 0.5]: 0.00149048 / 2981
[33, 34]; [0.5, 0.55]: 0.00149809 / 2949
[33, 34]; [0.55, 0.6]: 0.00148622 / 3080
[33, 34]; [0.6, 0.65]: 0.00132641 / 2767
[33, 34]; [0.65, 0.7]: 0.000623339 / 1254
[33, 34]; [0.7, 0.75]: 3.27633e-05 / 65
[33, 34]; [0.75, 0.8]: 0 / 0
[33, 34]; [0.8, 0.85]: 0 / 0
[33, 34]; [0.85, 0.9]: 0 / 0
[33, 34]; [0.9, 0.95]: 0 / 0
[33, 34]; [0.95, 1]: 0 / 0

[34, 35]; [-1, -0.95]: 0 / 0
[34, 35]; [-0.95, -0.9]: 0 / 0
[34, 35]; [-0.9, -0.85]: 0 / 0
[34, 35]; [-0.85, -0.8]: 0 / 0
[34, 35]; [-0.8, -0.75]: 0 / 0
[34, 35]; [-0.75, -0.7]: 6.20163e-05 / 133
[34, 35]; [-0.7, -0.65]: 0.000689617 / 1415
[34, 35]; [-0.65, -0.6]: 0.00122369 / 2444
[34, 35]; [-0.6, -0.55]: 0.00128521 / 2652
[34, 35]; [-0.55, -0.5]: 0.00127802 / 2613
[34, 35]; [-0.5, -0.45]: 0.0012771 / 2616
[34, 35]; [-0.45, -0.4]: 0.00130293 / 2515
[34, 35]; [-0.4, -0.35]: 0.0013168 / 2516
[34, 35]; [-0.35, -0.3]: 0.00130502 / 2535
[34, 35]; [-0.3, -0.25]: 0.00131187 / 2502
[34, 35]; [-0.25, -0.2]: 0.00131488 / 2592
[34, 35]; [-0.2, -0.15]: 0.00132232 / 2540
[34, 35]; [-0.15, -0.1]: 0.0013326 / 2539
[34, 35]; [-0.1, -0.05]: 0.00131538 / 2555
[34, 35]; [-0.05, 0]: 0.00131287 / 2495
[34, 35]; [0, 0.05]: 0.00132223 / 2409
[34, 35]; [0.05, 0.1]: 0.0013224 / 2461
[34, 35]; [0.1, 0.15]: 0.00133184 / 2479
[34, 35]; [0.15, 0.2]: 0.00132625 / 2510
[34, 35]; [0.2, 0.25]: 0.00131454 / 2548
[34, 35]; [0.25, 0.3]: 0.00130894 / 2462
[34, 35]; [0.3, 0.35]: 0.00131195 / 2573
[34, 35]; [0.35, 0.4]: 0.00129733 / 2612
[34, 35]; [0.4, 0.45]: 0.0013046 / 2597
[34, 35]; [0.45, 0.5]: 0.00128872 / 2561
[34, 35]; [0.5, 0.55]: 0.00130694 / 2557
[34, 35]; [0.55, 0.6]: 0.00130134 / 2675
[34, 35]; [0.6, 0.65]: 0.00124241 / 2543
[34, 35]; [0.65, 0.7]: 0.000691456 / 1415
[34, 35]; [0.7, 0.75]: 5.80044e-05 / 118
[34, 35]; [0.75, 0.8]: 0 / 0
[34, 35]; [0.8, 0.85]: 0 / 0
[34, 35]; [0.85, 0.9]: 0 / 0
[34, 35]; [0.9, 0.95]: 0 / 0
[34, 35]; [0.95, 1]: 0 / 0

[35, 36]; [-1, -0.95]: 0 / 0
[35, 36]; [-0.95, -0.9]: 0 / 0
[35, 36]; [-0.9, -0.85]: 0 / 0
[35, 36]; [-0.85, -0.8]: 0 / 0
[35, 36]; [-0.8, -0.75]: 0 / 0
[35, 36]; [-0.75, -0.7]: 9.7872e-05 / 176
[35, 36]; [-0.7, -0.65]: 0.000715945 / 1433
[35, 36]; [-0.65, -0.6]: 0.00112641 / 2196
[35, 36]; [-0.6, -0.55]: 0.00111253 / 2212
[35, 36]; [-0.55, -0.5]: 0.00113359 / 2254
[35, 36]; [-0.5, -0.45]: 0.00112549 / 2158
[35, 36]; [-0.45, -0.4]: 0.00113134 / 2173
[35, 36]; [-0.4, -0.35]: 0.00113518 / 2106
[35, 36]; [-0.35, -0.3]: 0.00113493 / 2077
[35, 36]; [-0.3, -0.25]: 0.00114446 / 2143
[35, 36]; [-0.25, -0.2]: 0.00116786 / 2197
[35, 36]; [-0.2, -0.15]: 0.00115056 / 2135
[35, 36]; [-0.15, -0.1]: 0.00116051 / 2147
[35, 36]; [-0.1, -0.05]: 0.00115474 / 2133
[35, 36]; [-0.05, 0]: 0.00113644 / 2181
[35, 36]; [0, 0.05]: 0.00114605 / 2177
[35, 36]; [0.05, 0.1]: 0.00113585 / 2134
[35, 36]; [0.1, 0.15]: 0.00115349 / 2097
[35, 36]; [0.15, 0.2]: 0.00114496 / 2207
[35, 36]; [0.2, 0.25]: 0.00114321 / 2171
[35, 36]; [0.25, 0.3]: 0.00113802 / 2203
[35, 36]; [0.3, 0.35]: 0.00115474 / 2239
[35, 36]; [0.35, 0.4]: 0.00113677 / 2130
[35, 36]; [0.4, 0.45]: 0.00113702 / 2171
[35, 36]; [0.45, 0.5]: 0.00112707 / 2221
[35, 36]; [0.5, 0.55]: 0.00112264 / 2259
[35, 36]; [0.55, 0.6]: 0.00111144 / 2213
[35, 36]; [0.6, 0.65]: 0.00110852 / 2148
[35, 36]; [0.65, 0.7]: 0.000729569 / 1446
[35, 36]; [0.7, 0.75]: 0.000102218 / 229
[35, 36]; [0.75, 0.8]: 0 / 0
[35, 36]; [0.8, 0.85]: 0 / 0
[35, 36]; [0.85, 0.9]: 0 / 0
[35, 36]; [0.9, 0.95]: 0 / 0
[35, 36]; [0.95, 1]: 0 / 0

[36, 37]; [-1, -0.95]: 0 / 0
[36, 37]; [-0.95, -0.9]: 0 / 0
[36, 37]; [-0.9, -0.85]: 0 / 0
[36, 37]; [-0.85, -0.8]: 0 / 0
[36, 37]; [-0.8, -0.75]: 0 / 0
[36, 37]; [-0.75, -0.7]: 0.000129131 / 250
[36, 37]; [-0.7, -0.65]: 0.00074921 / 1358
[36, 37]; [-0.65, -0.6]: 0.000966016 / 1877
[36, 37]; [-0.6, -0.55]: 0.000993932 / 2016
[36, 37]; [-0.55, -0.5]: 0.000987663 / 1953
[36, 37]; [-0.5, -0.45]: 0.00098666 / 1866
[36, 37]; [-0.45, -0.4]: 0.00100371 / 1843
[36, 37]; [-0.4, -0.35]: 0.000975878 / 1833
[36, 37]; [-0.35, -0.3]: 0.000989669 / 1869
[36, 37]; [-0.3, -0.25]: 0.000992761 / 1851
[36, 37]; [-0.25, -0.2]: 0.000995436 / 1787
[36, 37]; [-0.2, -0.15]: 0.00100421 / 1852
[36, 37]; [-0.15, -0.1]: 0.00100914 / 1847
[36, 37]; [-0.1, -0.05]: 0.000990171 / 1843
[36, 37]; [-0.05, 0]: 0.000983902 / 1792
[36, 37]; [0, 0.05]: 0.000998863 / 1918
[36, 37]; [0.05, 0.1]: 0.00102277 / 1852
[36, 37]; [0.1, 0.15]: 0.000998194 / 1870
[36, 37]; [0.15, 0.2]: 0.00101399 / 1780
[36, 37]; [0.2, 0.25]: 0.000989753 / 1804
[36, 37]; [0.25, 0.3]: 0.00100313 / 1872
[36, 37]; [0.3, 0.35]: 0.000997776 / 1875
[36, 37]; [0.35, 0.4]: 0.00100112 / 1865
[36, 37]; [0.4, 0.45]: 0.000992594 / 1858
[36, 37]; [0.45, 0.5]: 0.000979639 / 1828
[36, 37]; [0.5, 0.55]: 0.000980057 / 1876
[36, 37]; [0.55, 0.6]: 0.000993848 / 1862
[36, 37]; [0.6, 0.65]: 0.000986159 / 1922
[36, 37]; [0.65, 0.7]: 0.000738762 / 1460
[36, 37]; [0.7, 0.75]: 0.000144008 / 253
[36, 37]; [0.75, 0.8]: 0 / 0
[36, 37]; [0.8, 0.85]: 0 / 0
[36, 37]; [0.85, 0.9]: 0 / 0
[36, 37]; [0.9, 0.95]: 0 / 0
[36, 37]; [0.95, 1]: 0 / 0

[37, 38]; [-1, -0.95]: 0 / 0
[37, 38]; [-0.95, -0.9]: 0 / 0
[37, 38]; [-0.9, -0.85]: 0 / 0
[37, 38]; [-0.85, -0.8]: 0 / 0
[37, 38]; [-0.8, -0.75]: 0 / 0
[37, 38]; [-0.75, -0.7]: 0.00018421 / 378
[37, 38]; [-0.7, -0.65]: 0.000710178 / 1448
[37, 38]; [-0.65, -0.6]: 0.000861708 / 1664
[37, 38]; [-0.6, -0.55]: 0.000849756 / 1692
[37, 38]; [-0.55, -0.5]: 0.000861123 / 1590
[37, 38]; [-0.5, -0.45]: 0.000871905 / 1674
[37, 38]; [-0.45, -0.4]: 0.000873995 / 1610
[37, 38]; [-0.4, -0.35]: 0.000850843 / 1564
[37, 38]; [-0.35, -0.3]: 0.000876502 / 1659
[37, 38]; [-0.3, -0.25]: 0.000879093 / 1553
[37, 38]; [-0.25, -0.2]: 0.000884275 / 1675
[37, 38]; [-0.2, -0.15]: 0.00087249 / 1638
[37, 38]; [-0.15, -0.1]: 0.000861458 / 1529
[37, 38]; [-0.1, -0.05]: 0.00085452 / 1570
[37, 38]; [-0.05, 0]: 0.000876753 / 1559
[37, 38]; [0, 0.05]: 0.000873159 / 1539
[37, 38]; [0.05, 0.1]: 0.000875332 / 1568
[37, 38]; [0.1, 0.15]: 0.000854186 / 1575
[37, 38]; [0.15, 0.2]: 0.000871989 / 1591
[37, 38]; [0.2, 0.25]: 0.000867642 / 1641
[37, 38]; [0.25, 0.3]: 0.000880012 / 1526
[37, 38]; [0.3, 0.35]: 0.000887618 / 1592
[37, 38]; [0.35, 0.4]: 0.000877421 / 1677
[37, 38]; [0.4, 0.45]: 0.00087366 / 1655
[37, 38]; [0.45, 0.5]: 0.000876669 / 1610
[37, 38]; [0.5, 0.55]: 0.000866472 / 1738
[37, 38]; [0.55, 0.6]: 0.000853267 / 1637
[37, 38]; [0.6, 0.65]: 0.00084633 / 1641
[37, 38]; [0.65, 0.7]: 0.000718285 / 1430
[37, 38]; [0.7, 0.75]: 0.000184126 / 374
[37, 38]; [0.75, 0.8]: 8.35799e-08 / 0
[37, 38]; [0.8, 0.85]: 0 / 0
[37, 38]; [0.85, 0.9]: 0 / 0
[37, 38]; [0.9, 0.95]: 0 / 0
[37, 38]; [0.95, 1]: 0 / 0

[38, 39]; [-1, -0.95]: 0 / 0
[38, 39]; [-0.95, -0.9]: 0 / 0
[38, 39]; [-0.9, -0.85]: 0 / 0
[38, 39]; [-0.85, -0.8]: 0 / 0
[38, 39]; [-0.8, -0.75]: 5.01479e-07 / 1
[38, 39]; [-0.75, -0.7]: 0.000232101 / 426
[38, 39]; [-0.7, -0.65]: 0.000670143 / 1269
[38, 39]; [-0.65, -0.6]: 0.000758821 / 1400
[38, 39]; [-0.6, -0.55]: 0.000758905 / 1432
[38, 39]; [-0.55, -0.5]: 0.00076952 / 1388
[38, 39]; [-0.5, -0.45]: 0.000750965 / 1418
[38, 39]; [-0.45, -0.4]: 0.000759072 / 1387
[38, 39]; [-0.4, -0.35]: 0.000770439 / 1381
[38, 39]; [-0.35, -0.3]: 0.000765591 / 1385
[38, 39]; [-0.3, -0.25]: 0.000780385 / 1377
[38, 39]; [-0.25, -0.2]: 0.000763502 / 1423
[38, 39]; [-0.2, -0.15]: 0.000758989 / 1397
[38, 39]; [-0.15, -0.1]: 0.000767765 / 1355
[38, 39]; [-0.1, -0.05]: 0.000764421 / 1360
[38, 39]; [-0.05, 0]: 0.000784982 / 1287
[38, 39]; [0, 0.05]: 0.000751383 / 1382
[38, 39]; [0.05, 0.1]: 0.000763669 / 1404
[38, 39]; [0.1, 0.15]: 0.000769185 / 1338
[38, 39]; [0.15, 0.2]: 0.000771944 / 1335
[38, 39]; [0.2, 0.25]: 0.000772529 / 1441
[38, 39]; [0.25, 0.3]: 0.000787406 / 1348
[38, 39]; [0.3, 0.35]: 0.00076977 / 1429
[38, 39]; [0.35, 0.4]: 0.000771609 / 1346
[38, 39]; [0.4, 0.45]: 0.000783143 / 1445
[38, 39]; [0.45, 0.5]: 0.000772863 / 1431
[38, 39]; [0.5, 0.55]: 0.000762248 / 1383
[38, 39]; [0.55, 0.6]: 0.000766009 / 1404
[38, 39]; [0.6, 0.65]: 0.000757568 / 1521
[38, 39]; [0.65, 0.7]: 0.000681259 / 1316
[38, 39]; [0.7, 0.75]: 0.000234441 / 463
[38, 39]; [0.75, 0.8]: 3.34319e-07 / 0
[38, 39]; [0.8, 0.85]: 0 / 0
[38, 39]; [0.85, 0.9]: 0 / 0
[38, 39]; [0.9, 0.95]: 0 / 0
[38, 39]; [0.95, 1]: 0 / 0

[39, 40]; [-1, -0.95]: 0 / 0
[39, 40]; [-0.95, -0.9]: 0 / 0
[39, 40]; [-0.9, -0.85]: 0 / 0
[39, 40]; [-0.85, -0.8]: 0 / 0
[39, 40]; [-0.8, -0.75]: 3.92825e-06 / 2
[39, 40]; [-0.75, -0.7]: 0.000261856 / 524
[39, 40]; [-0.7, -0.65]: 0.000616819 / 1142
[39, 40]; [-0.65, -0.6]: 0.000663373 / 1169
[39, 40]; [-0.6, -0.55]: 0.000674907 / 1231
[39, 40]; [-0.55, -0.5]: 0.000669224 / 1278
[39, 40]; [-0.5, -0.45]: 0.000668137 / 1231
[39, 40]; [-0.45, -0.4]: 0.000672985 / 1236
[39, 40]; [-0.4, -0.35]: 0.00067031 / 1283
[39, 40]; [-0.35, -0.3]: 0.000679337 / 1210
[39, 40]; [-0.3, -0.25]: 0.00067031 / 1259
[39, 40]; [-0.25, -0.2]: 0.000672149 / 1223
[39, 40]; [-0.2, -0.15]: 0.000682597 / 1158
[39, 40]; [-0.15, -0.1]: 0.000695635 / 1161
[39, 40]; [-0.1, -0.05]: 0.000673988 / 1197
[39, 40]; [-0.05, 0]: 0.00067917 / 1227
[39, 40]; [0, 0.05]: 0.000685355 / 1154
[39, 40]; [0.05, 0.1]: 0.00068945 / 1163
[39, 40]; [0.1, 0.15]: 0.000672483 / 1203
[39, 40]; [0.15, 0.2]: 0.000676662 / 1200
[39, 40]; [0.2, 0.25]: 0.000678334 / 1259
[39, 40]; [0.25, 0.3]: 0.000676077 / 1211
[39, 40]; [0.3, 0.35]: 0.000673069 / 1252
[39, 40]; [0.35, 0.4]: 0.00068594 / 1203
[39, 40]; [0.4, 0.45]: 0.000670645 / 1160
[39, 40]; [0.45, 0.5]: 0.000676161 / 1219
[39, 40]; [0.5, 0.55]: 0.000665463 / 1240
[39, 40]; [0.55, 0.6]: 0.000667803 / 1245
[39, 40]; [0.6, 0.65]: 0.000673654 / 1365
[39, 40]; [0.65, 0.7]: 0.000634789 / 1213
[39, 40]; [0.7, 0.75]: 0.000265951 / 529
[39, 40]; [0.75, 0.8]: 3.76109e-06 / 6
[39, 40]; [0.8, 0.85]: 0 / 0
[39, 40]; [0.85, 0.9]: 0 / 0
[39, 40]; [0.9, 0.95]: 0 / 0
[39, 40]; [0.95, 1]: 0 / 0

[40, 42]; [-1, -0.95]: 0 / 0
[40, 42]; [-0.95, -0.9]: 0 / 0
[40, 42]; [-0.9, -0.85]: 0 / 0
[40, 42]; [-0.85, -0.8]: 0 / 0
[40, 42]; [-0.8, -0.75]: 2.6662e-05 / 40
[40, 42]; [-0.75, -0.7]: 0.000594002 / 1145
[40, 42]; [-0.7, -0.65]: 0.00108403 / 2078
[40, 42]; [-0.65, -0.6]: 0.00112298 / 2075
[40, 42]; [-0.6, -0.55]: 0.00110401 / 1954
[40, 42]; [-0.55, -0.5]: 0.00111671 / 2043
[40, 42]; [-0.5, -0.45]: 0.00112632 / 2059
[40, 42]; [-0.45, -0.4]: 0.00113894 / 2012
[40, 42]; [-0.4, -0.35]: 0.00112022 / 1991
[40, 42]; [-0.35, -0.3]: 0.00112432 / 1971
[40, 42]; [-0.3, -0.25]: 0.00113033 / 1962
[40, 42]; [-0.25, -0.2]: 0.0011249 / 1938
[40, 42]; [-0.2, -0.15]: 0.00110451 / 1898
[40, 42]; [-0.15, -0.1]: 0.00112741 / 2003
[40, 42]; [-0.1, -0.05]: 0.00111863 / 1943
[40, 42]; [-0.05, 0]: 0.00112264 / 1962
[40, 42]; [0, 0.05]: 0.00116243 / 1862
[40, 42]; [0.05, 0.1]: 0.00113184 / 1887
[40, 42]; [0.1, 0.15]: 0.00114555 / 1959
[40, 42]; [0.15, 0.2]: 0.0011356 / 2035
[40, 42]; [0.2, 0.25]: 0.0011188 / 1986
[40, 42]; [0.25, 0.3]: 0.00112657 / 1879
[40, 42]; [0.3, 0.35]: 0.00113117 / 2022
[40, 42]; [0.35, 0.4]: 0.0011402 / 1962
[40, 42]; [0.4, 0.45]: 0.00113426 / 1977
[40, 42]; [0.45, 0.5]: 0.00111529 / 2000
[40, 42]; [0.5, 0.55]: 0.00111872 / 2035
[40, 42]; [0.55, 0.6]: 0.00111604 / 2012
[40, 42]; [0.6, 0.65]: 0.00112047 / 2030
[40, 42]; [0.65, 0.7]: 0.00109882 / 2038
[40, 42]; [0.7, 0.75]: 0.000618157 / 1159
[40, 42]; [0.75, 0.8]: 2.42382e-05 / 52
[40, 42]; [0.8, 0.85]: 0 / 0
[40, 42]; [0.85, 0.9]: 0 / 0
[40, 42]; [0.9, 0.95]: 0 / 0
[40, 42]; [0.95, 1]: 0 / 0

[42, 44]; [-1, -0.95]: 0 / 0
[42, 44]; [-0.95, -0.9]: 0 / 0
[42, 44]; [-0.9, -0.85]: 0 / 0
[42, 44]; [-0.85, -0.8]: 0 / 0
[42, 44]; [-0.8, -0.75]: 6.76161e-05 / 117
[42, 44]; [-0.75, -0.7]: 0.000643565 / 1177
[42, 44]; [-0.7, -0.65]: 0.000876084 / 1624
[42, 44]; [-0.65, -0.6]: 0.00089071 / 1533
[42, 44]; [-0.6, -0.55]: 0.000875917 / 1523
[42, 44]; [-0.55, -0.5]: 0.00088252 / 1490
[42, 44]; [-0.5, -0.45]: 0.000883105 / 1514
[42, 44]; [-0.45, -0.4]: 0.000886197 / 1556
[42, 44]; [-0.4, -0.35]: 0.000875081 / 1513
[42, 44]; [-0.35, -0.3]: 0.00087483 / 1499
[42, 44]; [-0.3, -0.25]: 0.00088277 / 1547
[42, 44]; [-0.25, -0.2]: 0.000879344 / 1509
[42, 44]; [-0.2, -0.15]: 0.000882603 / 1491
[42, 44]; [-0.15, -0.1]: 0.000881182 / 1445
[42, 44]; [-0.1, -0.05]: 0.000879511 / 1471
[42, 44]; [-0.05, 0]: 0.000880597 / 1487
[42, 44]; [0, 0.05]: 0.00088135 / 1471
[42, 44]; [0.05, 0.1]: 0.000882352 / 1412
[42, 44]; [0.1, 0.15]: 0.000896394 / 1483
[42, 44]; [0.15, 0.2]: 0.000889958 / 1527
[42, 44]; [0.2, 0.25]: 0.000890125 / 1518
[42, 44]; [0.25, 0.3]: 0.000882269 / 1529
[42, 44]; [0.3, 0.35]: 0.0008816 / 1526
[42, 44]; [0.35, 0.4]: 0.00088277 / 1454
[42, 44]; [0.4, 0.45]: 0.000878424 / 1457
[42, 44]; [0.45, 0.5]: 0.000899319 / 1616
[42, 44]; [0.5, 0.55]: 0.00088837 / 1499
[42, 44]; [0.55, 0.6]: 0.000883941 / 1583
[42, 44]; [0.6, 0.65]: 0.000898818 / 1603
[42, 44]; [0.65, 0.7]: 0.000882102 / 1620
[42, 44]; [0.7, 0.75]: 0.000651756 / 1127
[42, 44]; [0.75, 0.8]: 7.5389e-05 / 122
[42, 44]; [0.8, 0.85]: 0 / 0
[42, 44]; [0.85, 0.9]: 0 / 0
[42, 44]; [0.9, 0.95]: 0 / 0
[42, 44]; [0.95, 1]: 0 / 0

[44, 46]; [-1, -0.95]: 0 / 0
[44, 46]; [-0.95, -0.9]: 0 / 0
[44, 46]; [-0.9, -0.85]: 0 / 0
[44, 46]; [-0.85, -0.8]: 0 / 0
[44, 46]; [-0.8, -0.75]: 0.000120271 / 220
[44, 46]; [-0.75, -0.7]: 0.000599518 / 1111
[44, 46]; [-0.7, -0.65]: 0.000700817 / 1218
[44, 46]; [-0.65, -0.6]: 0.00068945 / 1204
[44, 46]; [-0.6, -0.55]: 0.000685856 / 1161
[44, 46]; [-0.55, -0.5]: 0.000699313 / 1170
[44, 46]; [-0.5, -0.45]: 0.00069714 / 1140
[44, 46]; [-0.45, -0.4]: 0.000700901 / 1162
[44, 46]; [-0.4, -0.35]: 0.000711682 / 1182
[44, 46]; [-0.35, -0.3]: 0.000691205 / 1176
[44, 46]; [-0.3, -0.25]: 0.000703157 / 1100
[44, 46]; [-0.25, -0.2]: 0.000701068 / 1099
[44, 46]; [-0.2, -0.15]: 0.000695719 / 1126
[44, 46]; [-0.15, -0.1]: 0.000694632 / 1180
[44, 46]; [-0.1, -0.05]: 0.000706166 / 1188
[44, 46]; [-0.05, 0]: 0.000694131 / 1134
[44, 46]; [0, 0.05]: 0.000701235 / 1130
[44, 46]; [0.05, 0.1]: 0.000705581 / 1090
[44, 46]; [0.1, 0.15]: 0.000713354 / 1148
[44, 46]; [0.15, 0.2]: 0.000697056 / 1191
[44, 46]; [0.2, 0.25]: 0.000710847 / 1135
[44, 46]; [0.25, 0.3]: 0.000700399 / 1192
[44, 46]; [0.3, 0.35]: 0.000711933 / 1192
[44, 46]; [0.35, 0.4]: 0.000704578 / 1171
[44, 46]; [0.4, 0.45]: 0.00069739 / 1246
[44, 46]; [0.45, 0.5]: 0.000714942 / 1185
[44, 46]; [0.5, 0.55]: 0.000703659 / 1229
[44, 46]; [0.55, 0.6]: 0.000706751 / 1187
[44, 46]; [0.6, 0.65]: 0.00070742 / 1220
[44, 46]; [0.65, 0.7]: 0.000694716 / 1253
[44, 46]; [0.7, 0.75]: 0.000600354 / 1039
[44, 46]; [0.75, 0.8]: 0.000125119 / 226
[44, 46]; [0.8, 0.85]: 0 / 0
[44, 46]; [0.85, 0.9]: 0 / 0
[44, 46]; [0.9, 0.95]: 0 / 0
[44, 46]; [0.95, 1]: 0 / 0

[46, 48]; [-1, -0.95]: 0 / 0
[46, 48]; [-0.95, -0.9]: 0 / 0
[46, 48]; [-0.9, -0.85]: 0 / 0
[46, 48]; [-0.85, -0.8]: 0 / 0
[46, 48]; [-0.8, -0.75]: 0.00017184 / 3109.81
[46, 48]; [-0.75, -0.7]: 0.00050616 / 9624.13
[46, 48]; [-0.7, -0.65]: 0.000560654 / 10045.4
[46, 48]; [-0.65, -0.6]: 0.000564498 / 9976.7
[46, 48]; [-0.6, -0.55]: 0.000563161 / 9874.24
[46, 48]; [-0.55, -0.5]: 0.000566588 / 9794.08
[46, 48]; [-0.5, -0.45]: 0.000572271 / 9713.33
[46, 48]; [-0.45, -0.4]: 0.000566588 / 9662.1
[46, 48]; [-0.4, -0.35]: 0.00056266 / 9571.7
[46, 48]; [-0.35, -0.3]: 0.000556642 / 9363.77
[46, 48]; [-0.3, -0.25]: 0.000557143 / 9396.92
[46, 48]; [-0.25, -0.2]: 0.000560319 / 9318.57
[46, 48]; [-0.2, -0.15]: 0.000557478 / 9411.99
[46, 48]; [-0.15, -0.1]: 0.000553466 / 9148.02
[46, 48]; [-0.1, -0.05]: 0.000540344 / 9269.76
[46, 48]; [-0.05, 0]: 0.000560654 / 9283.02
[46, 48]; [0, 0.05]: 0.000558397 / 9405.96
[46, 48]; [0.05, 0.1]: 0.000544021 / 9228.77
[46, 48]; [0.1, 0.15]: 0.00054937 / 9207.08
[46, 48]; [0.15, 0.2]: 0.000553466 / 9296.27
[46, 48]; [0.2, 0.25]: 0.000553048 / 9406.56
[46, 48]; [0.25, 0.3]: 0.000571101 / 9346.9
[46, 48]; [0.3, 0.35]: 0.00056057 / 9475.27
[46, 48]; [0.35, 0.4]: 0.000564916 / 9627.14
[46, 48]; [0.4, 0.45]: 0.000574026 / 9582.55
[46, 48]; [0.45, 0.5]: 0.000566504 / 9781.43
[46, 48]; [0.5, 0.55]: 0.000567089 / 9870.62
[46, 48]; [0.55, 0.6]: 0.000572522 / 9891.72
[46, 48]; [0.6, 0.65]: 0.000555305 / 9971.27
[46, 48]; [0.65, 0.7]: 0.000557645 / 10466.1
[46, 48]; [0.7, 0.75]: 0.000519783 / 9733.82
[46, 48]; [0.75, 0.8]: 0.000169667 / 3275.54
[46, 48]; [0.8, 0.85]: 0 / 0
[46, 48]; [0.85, 0.9]: 0 / 0
[46, 48]; [0.9, 0.95]: 0 / 0
[46, 48]; [0.95, 1]: 0 / 0

[48, 50]; [-1, -0.95]: 0 / 0
[48, 50]; [-0.95, -0.9]: 0 / 0
[48, 50]; [-0.9, -0.85]: 0 / 0
[48, 50]; [-0.85, -0.8]: 7.52219e-07 / 20
[48, 50]; [-0.8, -0.75]: 0.000208365 / 6455
[48, 50]; [-0.75, -0.7]: 0.00046345 / 14213
[48, 50]; [-0.7, -0.65]: 0.000448657 / 14067
[48, 50]; [-0.65, -0.6]: 0.000448406 / 13706
[48, 50]; [-0.6, -0.55]: 0.000459021 / 13697
[48, 50]; [-0.55, -0.5]: 0.000454925 / 13504
[48, 50]; [-0.5, -0.45]: 0.000446567 / 13332
[48, 50]; [-0.45, -0.4]: 0.0004464 / 13123
[48, 50]; [-0.4, -0.35]: 0.000453671 / 13179
[48, 50]; [-0.35, -0.3]: 0.000454758 / 12978
[48, 50]; [-0.3, -0.25]: 0.000456931 / 13048
[48, 50]; [-0.25, -0.2]: 0.000438961 / 12771
[48, 50]; [-0.2, -0.15]: 0.000450579 / 12864
[48, 50]; [-0.15, -0.1]: 0.000447069 / 12555
[48, 50]; [-0.1, -0.05]: 0.000445397 / 12631
[48, 50]; [-0.05, 0]: 0.00044172 / 12704
[48, 50]; [0, 0.05]: 0.000452251 / 12611
[48, 50]; [0.05, 0.1]: 0.000452083 / 12804
[48, 50]; [0.1, 0.15]: 0.000455677 / 12678
[48, 50]; [0.15, 0.2]: 0.000444227 / 12875
[48, 50]; [0.2, 0.25]: 0.000449576 / 12865
[48, 50]; [0.25, 0.3]: 0.000446651 / 13087
[48, 50]; [0.3, 0.35]: 0.000445313 / 12865
[48, 50]; [0.35, 0.4]: 0.000450495 / 13208
[48, 50]; [0.4, 0.45]: 0.000459438 / 13403
[48, 50]; [0.45, 0.5]: 0.000459522 / 13337
[48, 50]; [0.5, 0.55]: 0.000466793 / 13472
[48, 50]; [0.55, 0.6]: 0.000458101 / 13583
[48, 50]; [0.6, 0.65]: 0.000458435 / 14034
[48, 50]; [0.65, 0.7]: 0.000445564 / 14318
[48, 50]; [0.7, 0.75]: 0.000451582 / 14114
[48, 50]; [0.75, 0.8]: 0.000209033 / 6570
[48, 50]; [0.8, 0.85]: 9.19378e-07 / 17
[48, 50]; [0.85, 0.9]: 0 / 0
[48, 50]; [0.9, 0.95]: 0 / 0
[48, 50]; [0.95, 1]: 0 / 0

[50, 52]; [-1, -0.95]: 0 / 0
[50, 52]; [-0.95, -0.9]: 0 / 0
[50, 52]; [-0.9, -0.85]: 0 / 0
[50, 52]; [-0.85, -0.8]: 4.93121e-06 / 126
[50, 52]; [-0.8, -0.75]: 0.000225081 / 7210
[50, 52]; [-0.75, -0.7]: 0.000365578 / 11731
[50, 52]; [-0.7, -0.65]: 0.000367083 / 11674
[50, 52]; [-0.65, -0.6]: 0.000366832 / 11352
[50, 52]; [-0.6, -0.55]: 0.000367919 / 11166
[50, 52]; [-0.55, -0.5]: 0.000378282 / 11251
[50, 52]; [-0.5, -0.45]: 0.000366999 / 11174
[50, 52]; [-0.45, -0.4]: 0.000354713 / 10785
[50, 52]; [-0.4, -0.35]: 0.000365996 / 10901
[50, 52]; [-0.35, -0.3]: 0.00036725 / 10765
[50, 52]; [-0.3, -0.25]: 0.000367417 / 10749
[50, 52]; [-0.25, -0.2]: 0.000366665 / 10372
[50, 52]; [-0.2, -0.15]: 0.00036282 / 10533
[50, 52]; [-0.15, -0.1]: 0.000354044 / 10533
[50, 52]; [-0.1, -0.05]: 0.00036374 / 10545
[50, 52]; [-0.05, 0]: 0.000355047 / 10348
[50, 52]; [0, 0.05]: 0.000369005 / 10371
[50, 52]; [0.05, 0.1]: 0.00036491 / 10537
[50, 52]; [0.1, 0.15]: 0.000354796 / 10480
[50, 52]; [0.15, 0.2]: 0.00035839 / 10464
[50, 52]; [0.2, 0.25]: 0.000366748 / 10587
[50, 52]; [0.25, 0.3]: 0.00035488 / 10836
[50, 52]; [0.3, 0.35]: 0.000362402 / 10858
[50, 52]; [0.35, 0.4]: 0.000361149 / 10863
[50, 52]; [0.4, 0.45]: 0.000366581 / 11074
[50, 52]; [0.45, 0.5]: 0.000369256 / 11176
[50, 52]; [0.5, 0.55]: 0.000382127 / 11122
[50, 52]; [0.55, 0.6]: 0.000383464 / 11507
[50, 52]; [0.6, 0.65]: 0.000374354 / 11526
[50, 52]; [0.65, 0.7]: 0.000379285 / 11838
[50, 52]; [0.7, 0.75]: 0.000377697 / 12028
[50, 52]; [0.75, 0.8]: 0.000227337 / 7501
[50, 52]; [0.8, 0.85]: 5.01479e-06 / 153
[50, 52]; [0.85, 0.9]: 0 / 0
[50, 52]; [0.9, 0.95]: 0 / 0
[50, 52]; [0.95, 1]: 0 / 0

[52, 54]; [-1, -0.95]: 0 / 0
[52, 54]; [-0.95, -0.9]: 0 / 0
[52, 54]; [-0.9, -0.85]: 0 / 0
[52, 54]; [-0.85, -0.8]: 1.38743e-05 / 388
[52, 54]; [-0.8, -0.75]: 0.000223075 / 7324
[52, 54]; [-0.75, -0.7]: 0.000308911 / 9983
[52, 54]; [-0.7, -0.65]: 0.000293532 / 9786
[52, 54]; [-0.65, -0.6]: 0.000306989 / 9534
[52, 54]; [-0.6, -0.55]: 0.00031309 / 9404
[52, 54]; [-0.55, -0.5]: 0.000298631 / 9190
[52, 54]; [-0.5, -0.45]: 0.000307574 / 9092
[52, 54]; [-0.45, -0.4]: 0.000302225 / 9105
[52, 54]; [-0.4, -0.35]: 0.000304649 / 8909
[52, 54]; [-0.35, -0.3]: 0.000297962 / 9021
[52, 54]; [-0.3, -0.25]: 0.000295455 / 8808
[52, 54]; [-0.25, -0.2]: 0.000297879 / 8487
[52, 54]; [-0.2, -0.15]: 0.00029044 / 8699
[52, 54]; [-0.15, -0.1]: 0.000291276 / 8717
[52, 54]; [-0.1, -0.05]: 0.000299049 / 8647
[52, 54]; [-0.05, 0]: 0.000292028 / 8465
[52, 54]; [0, 0.05]: 0.000295204 / 8649
[52, 54]; [0.05, 0.1]: 0.000292697 / 8596
[52, 54]; [0.1, 0.15]: 0.000301974 / 8540
[52, 54]; [0.15, 0.2]: 0.000298213 / 8847
[52, 54]; [0.2, 0.25]: 0.000285927 / 8854
[52, 54]; [0.25, 0.3]: 0.000291443 / 8964
[52, 54]; [0.3, 0.35]: 0.000294619 / 8921
[52, 54]; [0.35, 0.4]: 0.000299634 / 9006
[52, 54]; [0.4, 0.45]: 0.000293783 / 9211
[52, 54]; [0.45, 0.5]: 0.000311753 / 9226
[52, 54]; [0.5, 0.55]: 0.00031869 / 9288
[52, 54]; [0.55, 0.6]: 0.000313007 / 9542
[52, 54]; [0.6, 0.65]: 0.000312672 / 9526
[52, 54]; [0.65, 0.7]: 0.000309914 / 10035
[52, 54]; [0.7, 0.75]: 0.000304314 / 10068
[52, 54]; [0.75, 0.8]: 0.000227839 / 7627
[52, 54]; [0.8, 0.85]: 1.26206e-05 / 376
[52, 54]; [0.85, 0.9]: 0 / 0
[52, 54]; [0.9, 0.95]: 0 / 0
[52, 54]; [0.95, 1]: 0 / 0

[54, 56]; [-1, -0.95]: 0 / 0
[54, 56]; [-0.95, -0.9]: 0 / 0
[54, 56]; [-0.9, -0.85]: 0 / 0
[54, 56]; [-0.85, -0.8]: 2.26501e-05 / 707
[54, 56]; [-0.8, -0.75]: 0.000214466 / 7055
[54, 56]; [-0.75, -0.7]: 0.000248399 / 8327
[54, 56]; [-0.7, -0.65]: 0.000254835 / 8135
[54, 56]; [-0.65, -0.6]: 0.000243635 / 7889
[54, 56]; [-0.6, -0.55]: 0.000254668 / 7623
[54, 56]; [-0.55, -0.5]: 0.000246811 / 7748
[54, 56]; [-0.5, -0.45]: 0.000240376 / 7793
[54, 56]; [-0.45, -0.4]: 0.000250238 / 7439
[54, 56]; [-0.4, -0.35]: 0.000241964 / 7492
[54, 56]; [-0.35, -0.3]: 0.00024631 / 7431
[54, 56]; [-0.3, -0.25]: 0.000244387 / 7231
[54, 56]; [-0.25, -0.2]: 0.000232603 / 7320
[54, 56]; [-0.2, -0.15]: 0.000237701 / 7259
[54, 56]; [-0.15, -0.1]: 0.000236949 / 7152
[54, 56]; [-0.1, -0.05]: 0.000234692 / 7145
[54, 56]; [-0.05, 0]: 0.000238035 / 7102
[54, 56]; [0, 0.05]: 0.000238286 / 7096
[54, 56]; [0.05, 0.1]: 0.000240125 / 7145
[54, 56]; [0.1, 0.15]: 0.000228591 / 7064
[54, 56]; [0.15, 0.2]: 0.00023954 / 7077
[54, 56]; [0.2, 0.25]: 0.000243385 / 7259
[54, 56]; [0.25, 0.3]: 0.000241629 / 7312
[54, 56]; [0.3, 0.35]: 0.000242298 / 7272
[54, 56]; [0.35, 0.4]: 0.000245808 / 7369
[54, 56]; [0.4, 0.45]: 0.000249152 / 7515
[54, 56]; [0.45, 0.5]: 0.000249987 / 7675
[54, 56]; [0.5, 0.55]: 0.000256005 / 7812
[54, 56]; [0.55, 0.6]: 0.000254751 / 8073
[54, 56]; [0.6, 0.65]: 0.000249235 / 7866
[54, 56]; [0.65, 0.7]: 0.000256924 / 8100
[54, 56]; [0.7, 0.75]: 0.000254417 / 8388
[54, 56]; [0.75, 0.8]: 0.000215051 / 7214
[54, 56]; [0.8, 0.85]: 2.29845e-05 / 723
[54, 56]; [0.85, 0.9]: 0 / 0
[54, 56]; [0.9, 0.95]: 0 / 0
[54, 56]; [0.95, 1]: 0 / 0

[56, 58]; [-1, -0.95]: 0 / 0
[56, 58]; [-0.95, -0.9]: 0 / 0
[56, 58]; [-0.9, -0.85]: 0 / 0
[56, 58]; [-0.85, -0.8]: 3.47692e-05 / 1164
[56, 58]; [-0.8, -0.75]: 0.000193822 / 6339
[56, 58]; [-0.75, -0.7]: 0.000204938 / 6730
[56, 58]; [-0.7, -0.65]: 0.000209033 / 6540
[56, 58]; [-0.65, -0.6]: 0.000209785 / 6581
[56, 58]; [-0.6, -0.55]: 0.0002092 / 6520
[56, 58]; [-0.55, -0.5]: 0.000207863 / 6328
[56, 58]; [-0.5, -0.45]: 0.000214633 / 6255
[56, 58]; [-0.45, -0.4]: 0.000205774 / 6301
[56, 58]; [-0.4, -0.35]: 0.000201845 / 6194
[56, 58]; [-0.35, -0.3]: 0.000196162 / 6083
[56, 58]; [-0.3, -0.25]: 0.000200257 / 6000
[56, 58]; [-0.25, -0.2]: 0.000200759 / 5881
[56, 58]; [-0.2, -0.15]: 0.000198001 / 5900
[56, 58]; [-0.15, -0.1]: 0.000199589 / 5939
[56, 58]; [-0.1, -0.05]: 0.000191899 / 5947
[56, 58]; [-0.05, 0]: 0.000199923 / 5807
[56, 58]; [0, 0.05]: 0.000192568 / 5918
[56, 58]; [0.05, 0.1]: 0.000197917 / 5993
[56, 58]; [0.1, 0.15]: 0.000197416 / 5977
[56, 58]; [0.15, 0.2]: 0.000198502 / 5962
[56, 58]; [0.2, 0.25]: 0.000205272 / 5882
[56, 58]; [0.25, 0.3]: 0.000201511 / 5884
[56, 58]; [0.3, 0.35]: 0.000204687 / 6062
[56, 58]; [0.35, 0.4]: 0.000207947 / 6224
[56, 58]; [0.4, 0.45]: 0.0002092 / 6247
[56, 58]; [0.45, 0.5]: 0.000214549 / 6430
[56, 58]; [0.5, 0.55]: 0.000202765 / 6453
[56, 58]; [0.55, 0.6]: 0.000207696 / 6627
[56, 58]; [0.6, 0.65]: 0.000201344 / 6611
[56, 58]; [0.65, 0.7]: 0.000212878 / 6710
[56, 58]; [0.7, 0.75]: 0.000207445 / 6965
[56, 58]; [0.75, 0.8]: 0.00019566 / 6507
[56, 58]; [0.8, 0.85]: 3.25126e-05 / 1113
[56, 58]; [0.85, 0.9]: 0 / 0
[56, 58]; [0.9, 0.95]: 0 / 0
[56, 58]; [0.95, 1]: 0 / 0

[58, 60]; [-1, -0.95]: 0 / 0
[58, 60]; [-0.95, -0.9]: 0 / 0
[58, 60]; [-0.9, -0.85]: 0 / 0
[58, 60]; [-0.85, -0.8]: 4.4966e-05 / 1461
[58, 60]; [-0.8, -0.75]: 0.000169584 / 5809
[58, 60]; [-0.75, -0.7]: 0.000175183 / 5639
[58, 60]; [-0.7, -0.65]: 0.00017276 / 5608
[58, 60]; [-0.65, -0.6]: 0.000173595 / 5516
[58, 60]; [-0.6, -0.55]: 0.000173846 / 5325
[58, 60]; [-0.55, -0.5]: 0.00017418 / 5395
[58, 60]; [-0.5, -0.45]: 0.000178694 / 5284
[58, 60]; [-0.45, -0.4]: 0.000169834 / 5228
[58, 60]; [-0.4, -0.35]: 0.000158802 / 5095
[58, 60]; [-0.35, -0.3]: 0.000166575 / 4942
[58, 60]; [-0.3, -0.25]: 0.000163733 / 4900
[58, 60]; [-0.25, -0.2]: 0.000165237 / 5036
[58, 60]; [-0.2, -0.15]: 0.0001583 / 4764
[58, 60]; [-0.15, -0.1]: 0.000157882 / 4872
[58, 60]; [-0.1, -0.05]: 0.000173345 / 4798
[58, 60]; [-0.05, 0]: 0.000169249 / 4855
[58, 60]; [0, 0.05]: 0.000164819 / 4898
[58, 60]; [0.05, 0.1]: 0.000163148 / 4766
[58, 60]; [0.1, 0.15]: 0.000161226 / 5098
[58, 60]; [0.15, 0.2]: 0.000161226 / 4897
[58, 60]; [0.2, 0.25]: 0.000161727 / 4904
[58, 60]; [0.25, 0.3]: 0.000161727 / 4930
[58, 60]; [0.3, 0.35]: 0.000164067 / 5049
[58, 60]; [0.35, 0.4]: 0.000172174 / 5168
[58, 60]; [0.4, 0.45]: 0.000164736 / 5307
[58, 60]; [0.45, 0.5]: 0.000167912 / 5375
[58, 60]; [0.5, 0.55]: 0.000177524 / 5420
[58, 60]; [0.55, 0.6]: 0.000170085 / 5537
[58, 60]; [0.6, 0.65]: 0.000176855 / 5483
[58, 60]; [0.65, 0.7]: 0.000168163 / 5683
[58, 60]; [0.7, 0.75]: 0.000178025 / 5901
[58, 60]; [0.75, 0.8]: 0.000165321 / 5721
[58, 60]; [0.8, 0.85]: 4.17063e-05 / 1484
[58, 60]; [0.85, 0.9]: 0 / 0
[58, 60]; [0.9, 0.95]: 0 / 0
[58, 60]; [0.95, 1]: 0 / 0

[60, 62]; [-1, -0.95]: 0 / 0
[60, 62]; [-0.95, -0.9]: 0 / 0
[60, 62]; [-0.9, -0.85]: 0 / 0
[60, 62]; [-0.85, -0.8]: 5.11509e-05 / 1746
[60, 62]; [-0.8, -0.75]: 0.000142504 / 4813
[60, 62]; [-0.75, -0.7]: 0.000147853 / 4889
[60, 62]; [-0.7, -0.65]: 0.000147101 / 4677
[60, 62]; [-0.65, -0.6]: 0.00014593 / 4617
[60, 62]; [-0.6, -0.55]: 0.000140665 / 4508
[60, 62]; [-0.55, -0.5]: 0.000144008 / 4532
[60, 62]; [-0.5, -0.45]: 0.000145011 / 4424
[60, 62]; [-0.45, -0.4]: 0.000141501 / 4325
[60, 62]; [-0.4, -0.35]: 0.00013799 / 4232
[60, 62]; [-0.35, -0.3]: 0.000137155 / 4198
[60, 62]; [-0.3, -0.25]: 0.000128462 / 4140
[60, 62]; [-0.25, -0.2]: 0.000137322 / 3987
[60, 62]; [-0.2, -0.15]: 0.000132223 / 4042
[60, 62]; [-0.15, -0.1]: 0.000136235 / 4040
[60, 62]; [-0.1, -0.05]: 0.000135483 / 4042
[60, 62]; [-0.05, 0]: 0.000133895 / 4062
[60, 62]; [0, 0.05]: 0.000130385 / 3920
[60, 62]; [0.05, 0.1]: 0.000136737 / 4008
[60, 62]; [0.1, 0.15]: 0.000131555 / 4047
[60, 62]; [0.15, 0.2]: 0.000131638 / 4015
[60, 62]; [0.2, 0.25]: 0.000138241 / 4170
[60, 62]; [0.25, 0.3]: 0.000139913 / 4210
[60, 62]; [0.3, 0.35]: 0.000139077 / 4144
[60, 62]; [0.35, 0.4]: 0.000141584 / 4273
[60, 62]; [0.4, 0.45]: 0.000138325 / 4354
[60, 62]; [0.45, 0.5]: 0.00014008 / 4478
[60, 62]; [0.5, 0.55]: 0.000140748 / 4638
[60, 62]; [0.55, 0.6]: 0.000147769 / 4537
[60, 62]; [0.6, 0.65]: 0.000152199 / 4619
[60, 62]; [0.65, 0.7]: 0.000142671 / 4711
[60, 62]; [0.7, 0.75]: 0.000151948 / 4847
[60, 62]; [0.75, 0.8]: 0.000138659 / 4865
[60, 62]; [0.8, 0.85]: 5.55806e-05 / 1799
[60, 62]; [0.85, 0.9]: 0 / 0
[60, 62]; [0.9, 0.95]: 0 / 0
[60, 62]; [0.95, 1]: 0 / 0

[62, 64]; [-1, -0.95]: 0 / 0
[62, 64]; [-0.95, -0.9]: 0 / 0
[62, 64]; [-0.9, -0.85]: 0 / 0
[62, 64]; [-0.85, -0.8]: 6.00103e-05 / 1926
[62, 64]; [-0.8, -0.75]: 0.000122194 / 4032
[62, 64]; [-0.75, -0.7]: 0.000120689 / 3982
[62, 64]; [-0.7, -0.65]: 0.000117263 / 3937
[62, 64]; [-0.65, -0.6]: 0.000122277 / 3834
[62, 64]; [-0.6, -0.55]: 0.000117931 / 3827
[62, 64]; [-0.55, -0.5]: 0.000121274 / 3653
[62, 64]; [-0.5, -0.45]: 0.000120522 / 3616
[62, 64]; [-0.45, -0.4]: 0.000118516 / 3577
[62, 64]; [-0.4, -0.35]: 0.00011768 / 3603
[62, 64]; [-0.35, -0.3]: 0.000111078 / 3415
[62, 64]; [-0.3, -0.25]: 0.000105645 / 3350
[62, 64]; [-0.25, -0.2]: 0.000112749 / 3387
[62, 64]; [-0.2, -0.15]: 0.000109657 / 3298
[62, 64]; [-0.15, -0.1]: 0.000114504 / 3272
[62, 64]; [-0.1, -0.05]: 0.000115925 / 3385
[62, 64]; [-0.05, 0]: 0.000109991 / 3295
[62, 64]; [0, 0.05]: 0.000118349 / 3397
[62, 64]; [0.05, 0.1]: 0.000112833 / 3277
[62, 64]; [0.1, 0.15]: 0.00011417 / 3364
[62, 64]; [0.15, 0.2]: 0.000112666 / 3332
[62, 64]; [0.2, 0.25]: 0.000113084 / 3317
[62, 64]; [0.25, 0.3]: 0.00011183 / 3424
[62, 64]; [0.3, 0.35]: 0.000109991 / 3448
[62, 64]; [0.35, 0.4]: 0.00011651 / 3548
[62, 64]; [0.4, 0.45]: 0.000121274 / 3582
[62, 64]; [0.45, 0.5]: 0.000119185 / 3667
[62, 64]; [0.5, 0.55]: 0.000123698 / 3787
[62, 64]; [0.55, 0.6]: 0.000117012 / 3898
[62, 64]; [0.6, 0.65]: 0.000122779 / 3842
[62, 64]; [0.65, 0.7]: 0.000121274 / 3945
[62, 64]; [0.7, 0.75]: 0.00012445 / 4044
[62, 64]; [0.75, 0.8]: 0.000125453 / 4175
[62, 64]; [0.8, 0.85]: 5.92581e-05 / 2031
[62, 64]; [0.85, 0.9]: 0 / 0
[62, 64]; [0.9, 0.95]: 0 / 0
[62, 64]; [0.95, 1]: 0 / 0

[64, 66]; [-1, -0.95]: 0 / 0
[64, 66]; [-0.95, -0.9]: 0 / 0
[64, 66]; [-0.9, -0.85]: 0 / 0
[64, 66]; [-0.85, -0.8]: 5.53299e-05 / 2016
[64, 66]; [-0.8, -0.75]: 0.000105729 / 3430
[64, 66]; [-0.75, -0.7]: 0.000109573 / 3336
[64, 66]; [-0.7, -0.65]: 0.000102887 / 3278
[64, 66]; [-0.65, -0.6]: 9.67019e-05 / 3223
[64, 66]; [-0.6, -0.55]: 9.92093e-05 / 3286
[64, 66]; [-0.55, -0.5]: 9.87914e-05 / 3171
[64, 66]; [-0.5, -0.45]: 9.8875e-05 / 3018
[64, 66]; [-0.45, -0.4]: 0.000100547 / 2960
[64, 66]; [-0.4, -0.35]: 9.56154e-05 / 2927
[64, 66]; [-0.35, -0.3]: 9.74541e-05 / 2897
[64, 66]; [-0.3, -0.25]: 9.60333e-05 / 2811
[64, 66]; [-0.25, -0.2]: 9.37766e-05 / 2806
[64, 66]; [-0.2, -0.15]: 9.11856e-05 / 2672
[64, 66]; [-0.15, -0.1]: 9.39438e-05 / 2846
[64, 66]; [-0.1, -0.05]: 9.28572e-05 / 2817
[64, 66]; [-0.05, 0]: 9.5281e-05 / 2744
[64, 66]; [0, 0.05]: 9.29408e-05 / 2780
[64, 66]; [0.05, 0.1]: 9.58661e-05 / 2800
[64, 66]; [0.1, 0.15]: 9.14364e-05 / 2806
[64, 66]; [0.15, 0.2]: 9.14364e-05 / 2892
[64, 66]; [0.2, 0.25]: 9.06841e-05 / 2752
[64, 66]; [0.25, 0.3]: 9.55318e-05 / 2904
[64, 66]; [0.3, 0.35]: 9.61168e-05 / 2779
[64, 66]; [0.35, 0.4]: 9.39438e-05 / 2928
[64, 66]; [0.4, 0.45]: 0.000100045 / 3110
[64, 66]; [0.45, 0.5]: 0.000105645 / 3074
[64, 66]; [0.5, 0.55]: 0.000105311 / 3165
[64, 66]; [0.55, 0.6]: 0.000101215 / 3220
[64, 66]; [0.6, 0.65]: 0.000102135 / 3210
[64, 66]; [0.65, 0.7]: 0.000106481 / 3365
[64, 66]; [0.7, 0.75]: 0.000100881 / 3376
[64, 66]; [0.75, 0.8]: 0.000102218 / 3527
[64, 66]; [0.8, 0.85]: 5.47448e-05 / 2095
[64, 66]; [0.85, 0.9]: 0 / 0
[64, 66]; [0.9, 0.95]: 0 / 0
[64, 66]; [0.95, 1]: 0 / 0

[66, 68]; [-1, -0.95]: 0 / 0
[66, 68]; [-0.95, -0.9]: 0 / 0
[66, 68]; [-0.9, -0.85]: 2.5074e-07 / 5
[66, 68]; [-0.85, -0.8]: 6.15984e-05 / 1986
[66, 68]; [-0.8, -0.75]: 8.6338e-05 / 2920
[66, 68]; [-0.75, -0.7]: 8.84275e-05 / 2840
[66, 68]; [-0.7, -0.65]: 8.55858e-05 / 2812
[66, 68]; [-0.65, -0.6]: 8.38306e-05 / 2668
[66, 68]; [-0.6, -0.55]: 9.16035e-05 / 2802
[66, 68]; [-0.55, -0.5]: 8.60037e-05 / 2650
[66, 68]; [-0.5, -0.45]: 8.50843e-05 / 2616
[66, 68]; [-0.45, -0.4]: 8.28276e-05 / 2420
[66, 68]; [-0.4, -0.35]: 8.39142e-05 / 2424
[66, 68]; [-0.35, -0.3]: 7.68099e-05 / 2401
[66, 68]; [-0.3, -0.25]: 8.08217e-05 / 2384
[66, 68]; [-0.25, -0.2]: 8.14904e-05 / 2322
[66, 68]; [-0.2, -0.15]: 8.09053e-05 / 2324
[66, 68]; [-0.15, -0.1]: 8.06546e-05 / 2264
[66, 68]; [-0.1, -0.05]: 7.71442e-05 / 2269
[66, 68]; [-0.05, 0]: 8.19083e-05 / 2398
[66, 68]; [0, 0.05]: 7.77293e-05 / 2298
[66, 68]; [0.05, 0.1]: 7.83979e-05 / 2325
[66, 68]; [0.1, 0.15]: 7.76457e-05 / 2381
[66, 68]; [0.15, 0.2]: 7.75621e-05 / 2310
[66, 68]; [0.2, 0.25]: 8.25769e-05 / 2315
[66, 68]; [0.25, 0.3]: 8.09053e-05 / 2321
[66, 68]; [0.3, 0.35]: 8.45828e-05 / 2335
[66, 68]; [0.35, 0.4]: 8.33291e-05 / 2476
[66, 68]; [0.4, 0.45]: 8.39978e-05 / 2581
[66, 68]; [0.45, 0.5]: 8.24097e-05 / 2545
[66, 68]; [0.5, 0.55]: 8.49171e-05 / 2691
[66, 68]; [0.55, 0.6]: 8.36634e-05 / 2727
[66, 68]; [0.6, 0.65]: 8.92633e-05 / 2820
[66, 68]; [0.65, 0.7]: 8.34963e-05 / 2761
[66, 68]; [0.7, 0.75]: 8.44992e-05 / 2846
[66, 68]; [0.75, 0.8]: 9.29408e-05 / 2991
[66, 68]; [0.8, 0.85]: 6.16819e-05 / 2063
[66, 68]; [0.85, 0.9]: 1.6716e-07 / 6
[66, 68]; [0.9, 0.95]: 0 / 0
[66, 68]; [0.95, 1]: 0 / 0

[68, 70]; [-1, -0.95]: 0 / 0
[68, 70]; [-0.95, -0.9]: 0 / 0
[68, 70]; [-0.9, -0.85]: 6.68639e-07 / 13
[68, 70]; [-0.85, -0.8]: 5.84223e-05 / 1925
[68, 70]; [-0.8, -0.75]: 7.29652e-05 / 2461
[68, 70]; [-0.75, -0.7]: 7.37174e-05 / 2361
[68, 70]; [-0.7, -0.65]: 7.38846e-05 / 2275
[68, 70]; [-0.65, -0.6]: 7.39682e-05 / 2305
[68, 70]; [-0.6, -0.55]: 7.41353e-05 / 2255
[68, 70]; [-0.55, -0.5]: 7.6977e-05 / 2181
[68, 70]; [-0.5, -0.45]: 7.16279e-05 / 2125
[68, 70]; [-0.45, -0.4]: 7.02071e-05 / 2124
[68, 70]; [-0.4, -0.35]: 6.87862e-05 / 2008
[68, 70]; [-0.35, -0.3]: 6.39386e-05 / 1941
[68, 70]; [-0.3, -0.25]: 6.47744e-05 / 1950
[68, 70]; [-0.25, -0.2]: 6.67803e-05 / 2000
[68, 70]; [-0.2, -0.15]: 6.95384e-05 / 1919
[68, 70]; [-0.15, -0.1]: 6.76997e-05 / 1920
[68, 70]; [-0.1, -0.05]: 6.58609e-05 / 1970
[68, 70]; [-0.05, 0]: 6.78668e-05 / 1948
[68, 70]; [0, 0.05]: 6.95384e-05 / 2021
[68, 70]; [0.05, 0.1]: 6.57773e-05 / 1909
[68, 70]; [0.1, 0.15]: 6.20163e-05 / 1968
[68, 70]; [0.15, 0.2]: 6.76161e-05 / 1972
[68, 70]; [0.2, 0.25]: 6.92041e-05 / 1948
[68, 70]; [0.25, 0.3]: 6.55266e-05 / 2008
[68, 70]; [0.3, 0.35]: 7.17951e-05 / 2009
[68, 70]; [0.35, 0.4]: 6.8034e-05 / 2062
[68, 70]; [0.4, 0.45]: 7.00399e-05 / 2098
[68, 70]; [0.45, 0.5]: 6.61117e-05 / 2211
[68, 70]; [0.5, 0.55]: 7.48875e-05 / 2195
[68, 70]; [0.55, 0.6]: 7.50547e-05 / 2386
[68, 70]; [0.6, 0.65]: 7.10429e-05 / 2412
[68, 70]; [0.65, 0.7]: 7.121e-05 / 2298
[68, 70]; [0.7, 0.75]: 7.21294e-05 / 2343
[68, 70]; [0.75, 0.8]: 7.38846e-05 / 2526
[68, 70]; [0.8, 0.85]: 6.18491e-05 / 1997
[68, 70]; [0.85, 0.9]: 1.08654e-06 / 28
[68, 70]; [0.9, 0.95]: 0 / 0
[68, 70]; [0.95, 1]: 0 / 0

[70, 72]; [-1, -0.95]: 0 / 0
[70, 72]; [-0.95, -0.9]: 0 / 0
[70, 72]; [-0.9, -0.85]: 1.42086e-06 / 50
[70, 72]; [-0.85, -0.8]: 5.30732e-05 / 1851
[70, 72]; [-0.8, -0.75]: 6.46908e-05 / 2126
[70, 72]; [-0.75, -0.7]: 6.9037e-05 / 2031
[70, 72]; [-0.7, -0.65]: 5.88402e-05 / 1936
[70, 72]; [-0.65, -0.6]: 6.10133e-05 / 1886
[70, 72]; [-0.6, -0.55]: 6.47744e-05 / 1907
[70, 72]; [-0.55, -0.5]: 6.66967e-05 / 1931
[70, 72]; [-0.5, -0.45]: 5.75865e-05 / 1848
[70, 72]; [-0.45, -0.4]: 6.01775e-05 / 1779
[70, 72]; [-0.4, -0.35]: 5.63328e-05 / 1670
[70, 72]; [-0.35, -0.3]: 5.60821e-05 / 1633
[70, 72]; [-0.3, -0.25]: 5.73358e-05 / 1624
[70, 72]; [-0.25, -0.2]: 5.33239e-05 / 1750
[70, 72]; [-0.2, -0.15]: 5.61657e-05 / 1594
[70, 72]; [-0.15, -0.1]: 6.01775e-05 / 1725
[70, 72]; [-0.1, -0.05]: 5.7085e-05 / 1664
[70, 72]; [-0.05, 0]: 5.66671e-05 / 1652
[70, 72]; [0, 0.05]: 5.44941e-05 / 1601
[70, 72]; [0.05, 0.1]: 5.86731e-05 / 1625
[70, 72]; [0.1, 0.15]: 5.58313e-05 / 1626
[70, 72]; [0.15, 0.2]: 6.00103e-05 / 1659
[70, 72]; [0.2, 0.25]: 5.51627e-05 / 1689
[70, 72]; [0.25, 0.3]: 5.59985e-05 / 1686
[70, 72]; [0.3, 0.35]: 5.61657e-05 / 1725
[70, 72]; [0.35, 0.4]: 6.34371e-05 / 1757
[70, 72]; [0.4, 0.45]: 6.20998e-05 / 1822
[70, 72]; [0.45, 0.5]: 5.99268e-05 / 1794
[70, 72]; [0.5, 0.55]: 6.10969e-05 / 1915
[70, 72]; [0.55, 0.6]: 6.34371e-05 / 1947
[70, 72]; [0.6, 0.65]: 5.84223e-05 / 1988
[70, 72]; [0.65, 0.7]: 6.62788e-05 / 2039
[70, 72]; [0.7, 0.75]: 5.99268e-05 / 2028
[70, 72]; [0.75, 0.8]: 6.46908e-05 / 2186
[70, 72]; [0.8, 0.85]: 5.2906e-05 / 1831
[70, 72]; [0.85, 0.9]: 2.0895e-06 / 53
[70, 72]; [0.9, 0.95]: 0 / 0
[70, 72]; [0.95, 1]: 0 / 0

[72, 74]; [-1, -0.95]: 0 / 0
[72, 74]; [-0.95, -0.9]: 0 / 0
[72, 74]; [-0.9, -0.85]: 3.59393e-06 / 90
[72, 74]; [-0.85, -0.8]: 5.00643e-05 / 1581
[72, 74]; [-0.8, -0.75]: 5.9091e-05 / 1851
[72, 74]; [-0.75, -0.7]: 5.32404e-05 / 1694
[72, 74]; [-0.7, -0.65]: 5.75865e-05 / 1623
[72, 74]; [-0.65, -0.6]: 5.73358e-05 / 1641
[72, 74]; [-0.6, -0.55]: 5.50791e-05 / 1653
[72, 74]; [-0.55, -0.5]: 5.14016e-05 / 1617
[72, 74]; [-0.5, -0.45]: 5.26553e-05 / 1546
[72, 74]; [-0.45, -0.4]: 5.02315e-05 / 1493
[72, 74]; [-0.4, -0.35]: 4.83927e-05 / 1423
[72, 74]; [-0.35, -0.3]: 4.78077e-05 / 1485
[72, 74]; [-0.3, -0.25]: 4.72226e-05 / 1405
[72, 74]; [-0.25, -0.2]: 4.56346e-05 / 1394
[72, 74]; [-0.2, -0.15]: 5.03987e-05 / 1361
[72, 74]; [-0.15, -0.1]: 4.98972e-05 / 1362
[72, 74]; [-0.1, -0.05]: 5.04822e-05 / 1398
[72, 74]; [-0.05, 0]: 4.96464e-05 / 1404
[72, 74]; [0, 0.05]: 4.77241e-05 / 1434
[72, 74]; [0.05, 0.1]: 4.77241e-05 / 1446
[72, 74]; [0.1, 0.15]: 4.5551e-05 / 1343
[72, 74]; [0.15, 0.2]: 4.58018e-05 / 1372
[72, 74]; [0.2, 0.25]: 4.68047e-05 / 1427
[72, 74]; [0.25, 0.3]: 4.7139e-05 / 1437
[72, 74]; [0.3, 0.35]: 4.8142e-05 / 1409
[72, 74]; [0.35, 0.4]: 5.17359e-05 / 1515
[72, 74]; [0.4, 0.45]: 5.1318e-05 / 1490
[72, 74]; [0.45, 0.5]: 5.03987e-05 / 1581
[72, 74]; [0.5, 0.55]: 5.51627e-05 / 1552
[72, 74]; [0.55, 0.6]: 5.41597e-05 / 1646
[72, 74]; [0.6, 0.65]: 5.20702e-05 / 1699
[72, 74]; [0.65, 0.7]: 5.55806e-05 / 1723
[72, 74]; [0.7, 0.75]: 5.24881e-05 / 1768
[72, 74]; [0.75, 0.8]: 5.64164e-05 / 1839
[72, 74]; [0.8, 0.85]: 5.03987e-05 / 1604
[72, 74]; [0.85, 0.9]: 2.5074e-06 / 105
[72, 74]; [0.9, 0.95]: 0 / 0
[72, 74]; [0.95, 1]: 0 / 0

[74, 76]; [-1, -0.95]: 0 / 0
[74, 76]; [-0.95, -0.9]: 0 / 0
[74, 76]; [-0.9, -0.85]: 3.34319e-06 / 130
[74, 76]; [-0.85, -0.8]: 4.44645e-05 / 1454
[74, 76]; [-0.8, -0.75]: 4.53839e-05 / 1545
[74, 76]; [-0.75, -0.7]: 4.94793e-05 / 1492
[74, 76]; [-0.7, -0.65]: 4.58853e-05 / 1402
[74, 76]; [-0.65, -0.6]: 4.36287e-05 / 1388
[74, 76]; [-0.6, -0.55]: 4.61361e-05 / 1346
[74, 76]; [-0.55, -0.5]: 4.66376e-05 / 1343
[74, 76]; [-0.5, -0.45]: 4.40466e-05 / 1306
[74, 76]; [-0.45, -0.4]: 4.40466e-05 / 1275
[74, 76]; [-0.4, -0.35]: 4.32944e-05 / 1207
[74, 76]; [-0.35, -0.3]: 4.45481e-05 / 1274
[74, 76]; [-0.3, -0.25]: 3.71095e-05 / 1154
[74, 76]; [-0.25, -0.2]: 3.92825e-05 / 1197
[74, 76]; [-0.2, -0.15]: 3.78617e-05 / 1154
[74, 76]; [-0.15, -0.1]: 3.94497e-05 / 1195
[74, 76]; [-0.1, -0.05]: 3.99512e-05 / 1213
[74, 76]; [-0.05, 0]: 4.51331e-05 / 1198
[74, 76]; [0, 0.05]: 4.22914e-05 / 1179
[74, 76]; [0.05, 0.1]: 3.96168e-05 / 1195
[74, 76]; [0.1, 0.15]: 4.1372e-05 / 1216
[74, 76]; [0.15, 0.2]: 4.36287e-05 / 1227
[74, 76]; [0.2, 0.25]: 3.86139e-05 / 1168
[74, 76]; [0.25, 0.3]: 4.11213e-05 / 1171
[74, 76]; [0.3, 0.35]: 4.42137e-05 / 1250
[74, 76]; [0.35, 0.4]: 3.97004e-05 / 1232
[74, 76]; [0.4, 0.45]: 4.58018e-05 / 1211
[74, 76]; [0.45, 0.5]: 4.61361e-05 / 1312
[74, 76]; [0.5, 0.55]: 4.58018e-05 / 1375
[74, 76]; [0.55, 0.6]: 4.69719e-05 / 1324
[74, 76]; [0.6, 0.65]: 4.7139e-05 / 1418
[74, 76]; [0.65, 0.7]: 4.68883e-05 / 1488
[74, 76]; [0.7, 0.75]: 4.34615e-05 / 1427
[74, 76]; [0.75, 0.8]: 4.46316e-05 / 1539
[74, 76]; [0.8, 0.85]: 4.77241e-05 / 1493
[74, 76]; [0.85, 0.9]: 5.09837e-06 / 132
[74, 76]; [0.9, 0.95]: 0 / 0
[74, 76]; [0.95, 1]: 0 / 0

[76, 78]; [-1, -0.95]: 0 / 0
[76, 78]; [-0.95, -0.9]: 0 / 0
[76, 78]; [-0.9, -0.85]: 6.60281e-06 / 174
[76, 78]; [-0.85, -0.8]: 4.02855e-05 / 1295
[76, 78]; [-0.8, -0.75]: 3.95333e-05 / 1294
[76, 78]; [-0.75, -0.7]: 4.20407e-05 / 1234
[76, 78]; [-0.7, -0.65]: 4.1372e-05 / 1276
[76, 78]; [-0.65, -0.6]: 3.8196e-05 / 1226
[76, 78]; [-0.6, -0.55]: 4.19571e-05 / 1132
[76, 78]; [-0.55, -0.5]: 3.86975e-05 / 1168
[76, 78]; [-0.5, -0.45]: 3.66916e-05 / 1150
[76, 78]; [-0.45, -0.4]: 3.76945e-05 / 1080
[76, 78]; [-0.4, -0.35]: 3.61065e-05 / 993
[76, 78]; [-0.35, -0.3]: 3.95333e-05 / 1058
[76, 78]; [-0.3, -0.25]: 3.5605e-05 / 1019
[76, 78]; [-0.25, -0.2]: 3.83632e-05 / 1047
[76, 78]; [-0.2, -0.15]: 3.4017e-05 / 982
[76, 78]; [-0.15, -0.1]: 3.57722e-05 / 991
[76, 78]; [-0.1, -0.05]: 3.31812e-05 / 1013
[76, 78]; [-0.05, 0]: 3.74438e-05 / 1037
[76, 78]; [0, 0.05]: 3.71095e-05 / 1016
[76, 78]; [0.05, 0.1]: 3.60229e-05 / 977
[76, 78]; [0.1, 0.15]: 3.52707e-05 / 1072
[76, 78]; [0.15, 0.2]: 3.5605e-05 / 995
[76, 78]; [0.2, 0.25]: 3.63572e-05 / 1038
[76, 78]; [0.25, 0.3]: 3.46856e-05 / 1058
[76, 78]; [0.3, 0.35]: 3.46021e-05 / 1020
[76, 78]; [0.35, 0.4]: 3.78617e-05 / 1055
[76, 78]; [0.4, 0.45]: 3.41006e-05 / 1086
[76, 78]; [0.45, 0.5]: 3.64408e-05 / 1145
[76, 78]; [0.5, 0.55]: 3.58558e-05 / 1205
[76, 78]; [0.55, 0.6]: 4.2375e-05 / 1162
[76, 78]; [0.6, 0.65]: 3.67751e-05 / 1258
[76, 78]; [0.65, 0.7]: 4.30436e-05 / 1311
[76, 78]; [0.7, 0.75]: 4.12884e-05 / 1227
[76, 78]; [0.75, 0.8]: 4.05362e-05 / 1365
[76, 78]; [0.8, 0.85]: 3.92825e-05 / 1317
[76, 78]; [0.85, 0.9]: 6.10133e-06 / 201
[76, 78]; [0.9, 0.95]: 0 / 0
[76, 78]; [0.95, 1]: 0 / 0

[78, 80]; [-1, -0.95]: 0 / 0
[78, 80]; [-0.95, -0.9]: 0 / 0
[78, 80]; [-0.9, -0.85]: 7.94009e-06 / 241
[78, 80]; [-0.85, -0.8]: 3.49364e-05 / 1174
[78, 80]; [-0.8, -0.75]: 3.5605e-05 / 1134
[78, 80]; [-0.75, -0.7]: 3.54379e-05 / 1060
[78, 80]; [-0.7, -0.65]: 3.46856e-05 / 1091
[78, 80]; [-0.65, -0.6]: 3.4017e-05 / 1024
[78, 80]; [-0.6, -0.55]: 3.09245e-05 / 1010
[78, 80]; [-0.55, -0.5]: 3.47692e-05 / 964
[78, 80]; [-0.5, -0.45]: 3.16768e-05 / 958
[78, 80]; [-0.45, -0.4]: 3.22618e-05 / 890
[78, 80]; [-0.4, -0.35]: 3.0841e-05 / 894
[78, 80]; [-0.35, -0.3]: 3.15932e-05 / 922
[78, 80]; [-0.3, -0.25]: 3.09245e-05 / 841
[78, 80]; [-0.25, -0.2]: 3.04231e-05 / 879
[78, 80]; [-0.2, -0.15]: 2.79157e-05 / 865
[78, 80]; [-0.15, -0.1]: 3.1426e-05 / 853
[78, 80]; [-0.1, -0.05]: 3.13424e-05 / 885
[78, 80]; [-0.05, 0]: 3.35991e-05 / 894
[78, 80]; [0, 0.05]: 3.17603e-05 / 871
[78, 80]; [0.05, 0.1]: 3.29305e-05 / 875
[78, 80]; [0.1, 0.15]: 3.2429e-05 / 867
[78, 80]; [0.15, 0.2]: 2.96708e-05 / 873
[78, 80]; [0.2, 0.25]: 2.84171e-05 / 906
[78, 80]; [0.25, 0.3]: 3.17603e-05 / 896
[78, 80]; [0.3, 0.35]: 2.97544e-05 / 874
[78, 80]; [0.35, 0.4]: 3.29305e-05 / 850
[78, 80]; [0.4, 0.45]: 2.85843e-05 / 891
[78, 80]; [0.45, 0.5]: 3.20947e-05 / 989
[78, 80]; [0.5, 0.55]: 3.25126e-05 / 989
[78, 80]; [0.55, 0.6]: 3.28469e-05 / 1082
[78, 80]; [0.6, 0.65]: 3.42677e-05 / 1079
[78, 80]; [0.65, 0.7]: 2.91694e-05 / 1063
[78, 80]; [0.7, 0.75]: 3.54379e-05 / 1083
[78, 80]; [0.75, 0.8]: 3.6608e-05 / 1104
[78, 80]; [0.8, 0.85]: 3.22618e-05 / 1171
[78, 80]; [0.85, 0.9]: 7.35503e-06 / 249
[78, 80]; [0.9, 0.95]: 0 / 0
[78, 80]; [0.95, 1]: 0 / 0

[80, 82]; [-1, -0.95]: 0 / 0
[80, 82]; [-0.95, -0.9]: 0 / 0
[80, 82]; [-0.9, -0.85]: 8.94304e-06 / 228
[80, 82]; [-0.85, -0.8]: 2.96708e-05 / 1037
[80, 82]; [-0.8, -0.75]: 3.04231e-05 / 981
[80, 82]; [-0.75, -0.7]: 2.97544e-05 / 921
[80, 82]; [-0.7, -0.65]: 2.68291e-05 / 884
[80, 82]; [-0.65, -0.6]: 2.94201e-05 / 898
[80, 82]; [-0.6, -0.55]: 3.18439e-05 / 806
[80, 82]; [-0.55, -0.5]: 3.00887e-05 / 876
[80, 82]; [-0.5, -0.45]: 2.83336e-05 / 833
[80, 82]; [-0.45, -0.4]: 2.78321e-05 / 764
[80, 82]; [-0.4, -0.35]: 2.6662e-05 / 786
[80, 82]; [-0.35, -0.3]: 2.81664e-05 / 815
[80, 82]; [-0.3, -0.25]: 3.10081e-05 / 752
[80, 82]; [-0.25, -0.2]: 2.49068e-05 / 714
[80, 82]; [-0.2, -0.15]: 2.69127e-05 / 746
[80, 82]; [-0.15, -0.1]: 2.52411e-05 / 730
[80, 82]; [-0.1, -0.05]: 2.79993e-05 / 774
[80, 82]; [-0.05, 0]: 2.86679e-05 / 757
[80, 82]; [0, 0.05]: 2.64112e-05 / 790
[80, 82]; [0.05, 0.1]: 2.58262e-05 / 796
[80, 82]; [0.1, 0.15]: 2.38203e-05 / 778
[80, 82]; [0.15, 0.2]: 2.59933e-05 / 758
[80, 82]; [0.2, 0.25]: 2.65784e-05 / 776
[80, 82]; [0.25, 0.3]: 2.68291e-05 / 714
[80, 82]; [0.3, 0.35]: 2.70799e-05 / 754
[80, 82]; [0.35, 0.4]: 2.45725e-05 / 797
[80, 82]; [0.4, 0.45]: 2.86679e-05 / 847
[80, 82]; [0.45, 0.5]: 2.86679e-05 / 824
[80, 82]; [0.5, 0.55]: 2.84171e-05 / 826
[80, 82]; [0.55, 0.6]: 3.09245e-05 / 868
[80, 82]; [0.6, 0.65]: 3.03395e-05 / 922
[80, 82]; [0.65, 0.7]: 2.67456e-05 / 935
[80, 82]; [0.7, 0.75]: 3.13424e-05 / 960
[80, 82]; [0.75, 0.8]: 3.15932e-05 / 1015
[80, 82]; [0.8, 0.85]: 3.12589e-05 / 1016
[80, 82]; [0.85, 0.9]: 7.10429e-06 / 288
[80, 82]; [0.9, 0.95]: 0 / 0
[80, 82]; [0.95, 1]: 0 / 0

[82, 84]; [-1, -0.95]: 0 / 0
[82, 84]; [-0.95, -0.9]: 0 / 0
[82, 84]; [-0.9, -0.85]: 9.36094e-06 / 279
[82, 84]; [-0.85, -0.8]: 2.78321e-05 / 849
[82, 84]; [-0.8, -0.75]: 2.41546e-05 / 842
[82, 84]; [-0.75, -0.7]: 2.70799e-05 / 850
[82, 84]; [-0.7, -0.65]: 2.81664e-05 / 857
[82, 84]; [-0.65, -0.6]: 2.7247e-05 / 739
[82, 84]; [-0.6, -0.55]: 2.89186e-05 / 799
[82, 84]; [-0.55, -0.5]: 2.5074e-05 / 721
[82, 84]; [-0.5, -0.45]: 2.41546e-05 / 695
[82, 84]; [-0.45, -0.4]: 2.52411e-05 / 681
[82, 84]; [-0.4, -0.35]: 2.27337e-05 / 676
[82, 84]; [-0.35, -0.3]: 2.06442e-05 / 640
[82, 84]; [-0.3, -0.25]: 2.46561e-05 / 709
[82, 84]; [-0.25, -0.2]: 2.09785e-05 / 637
[82, 84]; [-0.2, -0.15]: 2.41546e-05 / 665
[82, 84]; [-0.15, -0.1]: 2.21487e-05 / 708
[82, 84]; [-0.1, -0.05]: 2.38203e-05 / 650
[82, 84]; [-0.05, 0]: 2.23158e-05 / 690
[82, 84]; [0, 0.05]: 2.44889e-05 / 658
[82, 84]; [0.05, 0.1]: 2.2483e-05 / 727
[82, 84]; [0.1, 0.15]: 2.3068e-05 / 683
[82, 84]; [0.15, 0.2]: 2.38203e-05 / 627
[82, 84]; [0.2, 0.25]: 2.21487e-05 / 639
[82, 84]; [0.25, 0.3]: 2.3068e-05 / 684
[82, 84]; [0.3, 0.35]: 2.39038e-05 / 730
[82, 84]; [0.35, 0.4]: 2.20651e-05 / 694
[82, 84]; [0.4, 0.45]: 2.38203e-05 / 669
[82, 84]; [0.45, 0.5]: 2.47396e-05 / 677
[82, 84]; [0.5, 0.55]: 2.27337e-05 / 724
[82, 84]; [0.55, 0.6]: 2.54083e-05 / 770
[82, 84]; [0.6, 0.65]: 2.39874e-05 / 799
[82, 84]; [0.65, 0.7]: 2.74142e-05 / 760
[82, 84]; [0.7, 0.75]: 2.9838e-05 / 756
[82, 84]; [0.75, 0.8]: 2.76649e-05 / 820
[82, 84]; [0.8, 0.85]: 2.45725e-05 / 848
[82, 84]; [0.85, 0.9]: 8.10725e-06 / 320
[82, 84]; [0.9, 0.95]: 0 / 0
[82, 84]; [0.95, 1]: 0 / 0

[84, 86]; [-1, -0.95]: 0 / 0
[84, 86]; [-0.95, -0.9]: 0 / 0
[84, 86]; [-0.9, -0.85]: 9.02662e-06 / 303
[84, 86]; [-0.85, -0.8]: 2.26501e-05 / 767
[84, 86]; [-0.8, -0.75]: 2.3068e-05 / 711
[84, 86]; [-0.75, -0.7]: 2.28173e-05 / 725
[84, 86]; [-0.7, -0.65]: 2.23158e-05 / 668
[84, 86]; [-0.65, -0.6]: 2.15636e-05 / 628
[84, 86]; [-0.6, -0.55]: 2.23994e-05 / 654
[84, 86]; [-0.55, -0.5]: 2.31516e-05 / 657
[84, 86]; [-0.5, -0.45]: 2.16472e-05 / 612
[84, 86]; [-0.45, -0.4]: 2.12293e-05 / 592
[84, 86]; [-0.4, -0.35]: 2.02263e-05 / 565
[84, 86]; [-0.35, -0.3]: 2.03935e-05 / 606
[84, 86]; [-0.3, -0.25]: 1.8889e-05 / 552
[84, 86]; [-0.25, -0.2]: 2.07278e-05 / 557
[84, 86]; [-0.2, -0.15]: 1.93069e-05 / 602
[84, 86]; [-0.15, -0.1]: 2.34859e-05 / 580
[84, 86]; [-0.1, -0.05]: 2.12293e-05 / 560
[84, 86]; [-0.05, 0]: 1.98084e-05 / 573
[84, 86]; [0, 0.05]: 2.13129e-05 / 567
[84, 86]; [0.05, 0.1]: 2.01427e-05 / 556
[84, 86]; [0.1, 0.15]: 1.93069e-05 / 533
[84, 86]; [0.15, 0.2]: 1.83876e-05 / 545
[84, 86]; [0.2, 0.25]: 1.7301e-05 / 547
[84, 86]; [0.25, 0.3]: 2.2483e-05 / 559
[84, 86]; [0.3, 0.35]: 2.03935e-05 / 576
[84, 86]; [0.35, 0.4]: 1.97248e-05 / 606
[84, 86]; [0.4, 0.45]: 1.89726e-05 / 612
[84, 86]; [0.45, 0.5]: 2.2483e-05 / 605
[84, 86]; [0.5, 0.55]: 1.95577e-05 / 608
[84, 86]; [0.55, 0.6]: 2.19815e-05 / 679
[84, 86]; [0.6, 0.65]: 2.23994e-05 / 700
[84, 86]; [0.65, 0.7]: 2.53247e-05 / 675
[84, 86]; [0.7, 0.75]: 2.32352e-05 / 698
[84, 86]; [0.75, 0.8]: 2.41546e-05 / 708
[84, 86]; [0.8, 0.85]: 2.0895e-05 / 773
[84, 86]; [0.85, 0.9]: 8.77588e-06 / 337
[84, 86]; [0.9, 0.95]: 0 / 0
[84, 86]; [0.95, 1]: 0 / 0

[86, 88]; [-1, -0.95]: 0 / 0
[86, 88]; [-0.95, -0.9]: 0 / 0
[86, 88]; [-0.9, -0.85]: 1.05311e-05 / 311
[86, 88]; [-0.85, -0.8]: 2.08114e-05 / 647
[86, 88]; [-0.8, -0.75]: 1.94741e-05 / 706
[86, 88]; [-0.75, -0.7]: 2.0895e-05 / 613
[86, 88]; [-0.7, -0.65]: 2.13964e-05 / 632
[86, 88]; [-0.65, -0.6]: 2.01427e-05 / 583
[86, 88]; [-0.6, -0.55]: 2.02263e-05 / 614
[86, 88]; [-0.55, -0.5]: 1.84711e-05 / 522
[86, 88]; [-0.5, -0.45]: 1.62145e-05 / 558
[86, 88]; [-0.45, -0.4]: 1.79697e-05 / 495
[86, 88]; [-0.4, -0.35]: 1.76353e-05 / 522
[86, 88]; [-0.35, -0.3]: 1.82204e-05 / 496
[86, 88]; [-0.3, -0.25]: 2.03099e-05 / 529
[86, 88]; [-0.25, -0.2]: 1.99756e-05 / 508
[86, 88]; [-0.2, -0.15]: 1.52951e-05 / 487
[86, 88]; [-0.15, -0.1]: 1.96413e-05 / 474
[86, 88]; [-0.1, -0.05]: 1.66324e-05 / 470
[86, 88]; [-0.05, 0]: 1.74682e-05 / 494
[86, 88]; [0, 0.05]: 1.74682e-05 / 465
[86, 88]; [0.05, 0.1]: 1.84711e-05 / 539
[86, 88]; [0.1, 0.15]: 1.85547e-05 / 503
[86, 88]; [0.15, 0.2]: 1.73846e-05 / 485
[86, 88]; [0.2, 0.25]: 1.69667e-05 / 502
[86, 88]; [0.25, 0.3]: 1.7301e-05 / 498
[86, 88]; [0.3, 0.35]: 1.62145e-05 / 533
[86, 88]; [0.35, 0.4]: 1.72174e-05 / 539
[86, 88]; [0.4, 0.45]: 1.91398e-05 / 536
[86, 88]; [0.45, 0.5]: 1.78861e-05 / 502
[86, 88]; [0.5, 0.55]: 1.96413e-05 / 532
[86, 88]; [0.55, 0.6]: 1.8889e-05 / 556
[86, 88]; [0.6, 0.65]: 2.00592e-05 / 576
[86, 88]; [0.65, 0.7]: 1.99756e-05 / 620
[86, 88]; [0.7, 0.75]: 1.90562e-05 / 621
[86, 88]; [0.75, 0.8]: 1.85547e-05 / 689
[86, 88]; [0.8, 0.85]: 2.31516e-05 / 695
[86, 88]; [0.85, 0.9]: 8.94304e-06 / 298
[86, 88]; [0.9, 0.95]: 0 / 0
[86, 88]; [0.95, 1]: 0 / 0

[88, 90]; [-1, -0.95]: 0 / 0
[88, 90]; [-0.95, -0.9]: 0 / 0
[88, 90]; [-0.9, -0.85]: 1.03639e-05 / 305
[88, 90]; [-0.85, -0.8]: 1.83876e-05 / 628
[88, 90]; [-0.8, -0.75]: 1.93069e-05 / 541
[88, 90]; [-0.75, -0.7]: 1.78025e-05 / 524
[88, 90]; [-0.7, -0.65]: 1.99756e-05 / 542
[88, 90]; [-0.65, -0.6]: 1.69667e-05 / 527
[88, 90]; [-0.6, -0.55]: 1.72174e-05 / 505
[88, 90]; [-0.55, -0.5]: 1.43757e-05 / 457
[88, 90]; [-0.5, -0.45]: 1.49608e-05 / 434
[88, 90]; [-0.45, -0.4]: 1.33728e-05 / 448
[88, 90]; [-0.4, -0.35]: 1.60473e-05 / 453
[88, 90]; [-0.35, -0.3]: 1.47101e-05 / 466
[88, 90]; [-0.3, -0.25]: 1.58802e-05 / 427
[88, 90]; [-0.25, -0.2]: 1.50444e-05 / 446
[88, 90]; [-0.2, -0.15]: 1.50444e-05 / 439
[88, 90]; [-0.15, -0.1]: 1.42922e-05 / 445
[88, 90]; [-0.1, -0.05]: 1.83876e-05 / 442
[88, 90]; [-0.05, 0]: 1.73846e-05 / 406
[88, 90]; [0, 0.05]: 1.44593e-05 / 473
[88, 90]; [0.05, 0.1]: 1.62145e-05 / 434
[88, 90]; [0.1, 0.15]: 1.59638e-05 / 380
[88, 90]; [0.15, 0.2]: 1.5128e-05 / 458
[88, 90]; [0.2, 0.25]: 1.5713e-05 / 485
[88, 90]; [0.25, 0.3]: 1.47101e-05 / 425
[88, 90]; [0.3, 0.35]: 1.44593e-05 / 456
[88, 90]; [0.35, 0.4]: 1.49608e-05 / 446
[88, 90]; [0.4, 0.45]: 1.56294e-05 / 480
[88, 90]; [0.45, 0.5]: 1.5713e-05 / 426
[88, 90]; [0.5, 0.55]: 1.53787e-05 / 460
[88, 90]; [0.55, 0.6]: 1.49608e-05 / 481
[88, 90]; [0.6, 0.65]: 1.62981e-05 / 539
[88, 90]; [0.65, 0.7]: 1.8304e-05 / 514
[88, 90]; [0.7, 0.75]: 1.69667e-05 / 576
[88, 90]; [0.75, 0.8]: 1.73846e-05 / 570
[88, 90]; [0.8, 0.85]: 1.83876e-05 / 627
[88, 90]; [0.85, 0.9]: 8.94304e-06 / 320
[88, 90]; [0.9, 0.95]: 0 / 0
[88, 90]; [0.95, 1]: 0 / 0

[90, 92]; [-1, -0.95]: 0 / 0
[90, 92]; [-0.95, -0.9]: 0 / 0
[90, 92]; [-0.9, -0.85]: 1.10325e-05 / 273
[90, 92]; [-0.85, -0.8]: 1.47101e-05 / 519
[90, 92]; [-0.8, -0.75]: 1.52951e-05 / 487
[90, 92]; [-0.75, -0.7]: 1.53787e-05 / 472
[90, 92]; [-0.7, -0.65]: 1.52951e-05 / 459
[90, 92]; [-0.65, -0.6]: 1.40414e-05 / 487
[90, 92]; [-0.6, -0.55]: 1.43757e-05 / 422
[90, 92]; [-0.55, -0.5]: 1.5128e-05 / 424
[90, 92]; [-0.5, -0.45]: 1.43757e-05 / 410
[90, 92]; [-0.45, -0.4]: 1.22027e-05 / 403
[90, 92]; [-0.4, -0.35]: 1.48772e-05 / 383
[90, 92]; [-0.35, -0.3]: 1.30385e-05 / 373
[90, 92]; [-0.3, -0.25]: 1.37907e-05 / 354
[90, 92]; [-0.25, -0.2]: 1.32056e-05 / 358
[90, 92]; [-0.2, -0.15]: 1.23698e-05 / 372
[90, 92]; [-0.15, -0.1]: 1.35399e-05 / 381
[90, 92]; [-0.1, -0.05]: 1.52115e-05 / 397
[90, 92]; [-0.05, 0]: 1.3122e-05 / 356
[90, 92]; [0, 0.05]: 1.20355e-05 / 395
[90, 92]; [0.05, 0.1]: 1.2537e-05 / 413
[90, 92]; [0.1, 0.15]: 1.37071e-05 / 405
[90, 92]; [0.15, 0.2]: 1.62145e-05 / 406
[90, 92]; [0.2, 0.25]: 1.42086e-05 / 386
[90, 92]; [0.25, 0.3]: 1.3122e-05 / 352
[90, 92]; [0.3, 0.35]: 1.40414e-05 / 375
[90, 92]; [0.35, 0.4]: 1.55459e-05 / 394
[90, 92]; [0.4, 0.45]: 1.3122e-05 / 414
[90, 92]; [0.45, 0.5]: 1.40414e-05 / 420
[90, 92]; [0.5, 0.55]: 1.35399e-05 / 417
[90, 92]; [0.55, 0.6]: 1.5713e-05 / 413
[90, 92]; [0.6, 0.65]: 1.54623e-05 / 461
[90, 92]; [0.65, 0.7]: 1.56294e-05 / 468
[90, 92]; [0.7, 0.75]: 1.71339e-05 / 462
[90, 92]; [0.75, 0.8]: 1.6716e-05 / 530
[90, 92]; [0.8, 0.85]: 1.39578e-05 / 549
[90, 92]; [0.85, 0.9]: 9.36094e-06 / 312
[90, 92]; [0.9, 0.95]: 0 / 0
[90, 92]; [0.95, 1]: 0 / 0

[92, 94]; [-1, -0.95]: 0 / 0
[92, 94]; [-0.95, -0.9]: 0 / 0
[92, 94]; [-0.9, -0.85]: 8.10725e-06 / 280
[92, 94]; [-0.85, -0.8]: 1.32056e-05 / 462
[92, 94]; [-0.8, -0.75]: 1.45429e-05 / 431
[92, 94]; [-0.75, -0.7]: 1.29549e-05 / 469
[92, 94]; [-0.7, -0.65]: 1.30385e-05 / 383
[92, 94]; [-0.65, -0.6]: 1.28713e-05 / 390
[92, 94]; [-0.6, -0.55]: 1.23698e-05 / 351
[92, 94]; [-0.55, -0.5]: 1.19519e-05 / 358
[92, 94]; [-0.5, -0.45]: 1.20355e-05 / 325
[92, 94]; [-0.45, -0.4]: 1.11161e-05 / 320
[92, 94]; [-0.4, -0.35]: 1.1534e-05 / 292
[92, 94]; [-0.35, -0.3]: 1.36235e-05 / 328
[92, 94]; [-0.3, -0.25]: 1.28713e-05 / 305
[92, 94]; [-0.25, -0.2]: 1.16176e-05 / 327
[92, 94]; [-0.2, -0.15]: 1.21191e-05 / 358
[92, 94]; [-0.15, -0.1]: 1.19519e-05 / 345
[92, 94]; [-0.1, -0.05]: 1.10325e-05 / 355
[92, 94]; [-0.05, 0]: 1.36235e-05 / 328
[92, 94]; [0, 0.05]: 1.16176e-05 / 310
[92, 94]; [0.05, 0.1]: 1.22027e-05 / 359
[92, 94]; [0.1, 0.15]: 1.21191e-05 / 345
[92, 94]; [0.15, 0.2]: 1.19519e-05 / 372
[92, 94]; [0.2, 0.25]: 1.38743e-05 / 325
[92, 94]; [0.25, 0.3]: 1.17848e-05 / 321
[92, 94]; [0.3, 0.35]: 1.11997e-05 / 341
[92, 94]; [0.35, 0.4]: 1.16176e-05 / 337
[92, 94]; [0.4, 0.45]: 1.24534e-05 / 380
[92, 94]; [0.45, 0.5]: 1.16176e-05 / 355
[92, 94]; [0.5, 0.55]: 1.36235e-05 / 377
[92, 94]; [0.55, 0.6]: 1.28713e-05 / 391
[92, 94]; [0.6, 0.65]: 1.46265e-05 / 372
[92, 94]; [0.65, 0.7]: 1.19519e-05 / 408
[92, 94]; [0.7, 0.75]: 1.37071e-05 / 422
[92, 94]; [0.75, 0.8]: 1.46265e-05 / 433
[92, 94]; [0.8, 0.85]: 1.32892e-05 / 481
[92, 94]; [0.85, 0.9]: 9.1102e-06 / 311
[92, 94]; [0.9, 0.95]: 0 / 0
[92, 94]; [0.95, 1]: 0 / 0

[94, 96]; [-1, -0.95]: 0 / 0
[94, 96]; [-0.95, -0.9]: 0 / 0
[94, 96]; [-0.9, -0.85]: 9.61168e-06 / 258
[94, 96]; [-0.85, -0.8]: 1.18683e-05 / 402
[94, 96]; [-0.8, -0.75]: 9.946e-06 / 392
[94, 96]; [-0.75, -0.7]: 1.23698e-05 / 395
[94, 96]; [-0.7, -0.65]: 1.37071e-05 / 335
[94, 96]; [-0.65, -0.6]: 1.22862e-05 / 334
[94, 96]; [-0.6, -0.55]: 1.06146e-05 / 357
[94, 96]; [-0.55, -0.5]: 9.27736e-06 / 299
[94, 96]; [-0.5, -0.45]: 1.27877e-05 / 329
[94, 96]; [-0.45, -0.4]: 9.946e-06 / 333
[94, 96]; [-0.4, -0.35]: 1.12833e-05 / 288
[94, 96]; [-0.35, -0.3]: 1.04475e-05 / 290
[94, 96]; [-0.3, -0.25]: 1.00296e-05 / 308
[94, 96]; [-0.25, -0.2]: 1.07818e-05 / 277
[94, 96]; [-0.2, -0.15]: 1.22027e-05 / 285
[94, 96]; [-0.15, -0.1]: 9.77884e-06 / 309
[94, 96]; [-0.1, -0.05]: 1.03639e-05 / 295
[94, 96]; [-0.05, 0]: 1.13669e-05 / 312
[94, 96]; [0, 0.05]: 1.13669e-05 / 302
[94, 96]; [0.05, 0.1]: 1.17848e-05 / 312
[94, 96]; [0.1, 0.15]: 9.946e-06 / 242
[94, 96]; [0.15, 0.2]: 9.77884e-06 / 302
[94, 96]; [0.2, 0.25]: 1.12833e-05 / 308
[94, 96]; [0.25, 0.3]: 1.07818e-05 / 303
[94, 96]; [0.3, 0.35]: 9.44452e-06 / 318
[94, 96]; [0.35, 0.4]: 1.3122e-05 / 346
[94, 96]; [0.4, 0.45]: 1.07818e-05 / 316
[94, 96]; [0.45, 0.5]: 9.86242e-06 / 285
[94, 96]; [0.5, 0.55]: 1.06982e-05 / 289
[94, 96]; [0.55, 0.6]: 1.22862e-05 / 334
[94, 96]; [0.6, 0.65]: 1.20355e-05 / 341
[94, 96]; [0.65, 0.7]: 1.19519e-05 / 344
[94, 96]; [0.7, 0.75]: 1.30385e-05 / 379
[94, 96]; [0.75, 0.8]: 1.3122e-05 / 357
[94, 96]; [0.8, 0.85]: 1.32056e-05 / 385
[94, 96]; [0.85, 0.9]: 8.52514e-06 / 235
[94, 96]; [0.9, 0.95]: 0 / 0
[94, 96]; [0.95, 1]: 0 / 0

[96, 98]; [-1, -0.95]: 0 / 0
[96, 98]; [-0.95, -0.9]: 0 / 0
[96, 98]; [-0.9, -0.85]: 7.02071e-06 / 239
[96, 98]; [-0.85, -0.8]: 1.01132e-05 / 390
[96, 98]; [-0.8, -0.75]: 1.08654e-05 / 345
[96, 98]; [-0.75, -0.7]: 1.23698e-05 / 306
[96, 98]; [-0.7, -0.65]: 1.16176e-05 / 289
[96, 98]; [-0.65, -0.6]: 1.1534e-05 / 305
[96, 98]; [-0.6, -0.55]: 1.01132e-05 / 300
[96, 98]; [-0.55, -0.5]: 1.05311e-05 / 285
[96, 98]; [-0.5, -0.45]: 9.27736e-06 / 274
[96, 98]; [-0.45, -0.4]: 1.05311e-05 / 256
[96, 98]; [-0.4, -0.35]: 7.85651e-06 / 273
[96, 98]; [-0.35, -0.3]: 8.94304e-06 / 231
[96, 98]; [-0.3, -0.25]: 9.61168e-06 / 261
[96, 98]; [-0.25, -0.2]: 1.04475e-05 / 263
[96, 98]; [-0.2, -0.15]: 8.02367e-06 / 271
[96, 98]; [-0.15, -0.1]: 1.05311e-05 / 273
[96, 98]; [-0.1, -0.05]: 1.02803e-05 / 277
[96, 98]; [-0.05, 0]: 9.36094e-06 / 251
[96, 98]; [0, 0.05]: 8.77588e-06 / 262
[96, 98]; [0.05, 0.1]: 9.5281e-06 / 278
[96, 98]; [0.1, 0.15]: 1.07818e-05 / 284
[96, 98]; [0.15, 0.2]: 9.5281e-06 / 268
[96, 98]; [0.2, 0.25]: 1.01132e-05 / 267
[96, 98]; [0.25, 0.3]: 8.35799e-06 / 269
[96, 98]; [0.3, 0.35]: 7.27145e-06 / 251
[96, 98]; [0.35, 0.4]: 8.35799e-06 / 277
[96, 98]; [0.4, 0.45]: 1.06982e-05 / 264
[96, 98]; [0.45, 0.5]: 9.69526e-06 / 280
[96, 98]; [0.5, 0.55]: 9.69526e-06 / 273
[96, 98]; [0.55, 0.6]: 9.19378e-06 / 284
[96, 98]; [0.6, 0.65]: 9.61168e-06 / 328
[96, 98]; [0.65, 0.7]: 9.86242e-06 / 339
[96, 98]; [0.7, 0.75]: 9.86242e-06 / 312
[96, 98]; [0.75, 0.8]: 1.01132e-05 / 337
[96, 98]; [0.8, 0.85]: 1.22862e-05 / 358
[96, 98]; [0.85, 0.9]: 7.43861e-06 / 242
[96, 98]; [0.9, 0.95]: 0 / 0
[96, 98]; [0.95, 1]: 0 / 0

[98, 100]; [-1, -0.95]: 0 / 0
[98, 100]; [-0.95, -0.9]: 0 / 0
[98, 100]; [-0.9, -0.85]: 8.27441e-06 / 251
[98, 100]; [-0.85, -0.8]: 1.01967e-05 / 330
[98, 100]; [-0.8, -0.75]: 1.12833e-05 / 302
[98, 100]; [-0.75, -0.7]: 7.94009e-06 / 267
[98, 100]; [-0.7, -0.65]: 9.5281e-06 / 286
[98, 100]; [-0.65, -0.6]: 8.52514e-06 / 265
[98, 100]; [-0.6, -0.55]: 8.02367e-06 / 253
[98, 100]; [-0.55, -0.5]: 7.60577e-06 / 257
[98, 100]; [-0.5, -0.45]: 7.02071e-06 / 266
[98, 100]; [-0.45, -0.4]: 7.85651e-06 / 230
[98, 100]; [-0.4, -0.35]: 9.36094e-06 / 251
[98, 100]; [-0.35, -0.3]: 7.94009e-06 / 241
[98, 100]; [-0.3, -0.25]: 8.52514e-06 / 228
[98, 100]; [-0.25, -0.2]: 9.02662e-06 / 229
[98, 100]; [-0.2, -0.15]: 7.68935e-06 / 221
[98, 100]; [-0.15, -0.1]: 8.10725e-06 / 253
[98, 100]; [-0.1, -0.05]: 8.94304e-06 / 249
[98, 100]; [-0.05, 0]: 7.60577e-06 / 246
[98, 100]; [0, 0.05]: 8.27441e-06 / 237
[98, 100]; [0.05, 0.1]: 8.35799e-06 / 211
[98, 100]; [0.1, 0.15]: 8.94304e-06 / 248
[98, 100]; [0.15, 0.2]: 7.02071e-06 / 229
[98, 100]; [0.2, 0.25]: 7.94009e-06 / 232
[98, 100]; [0.25, 0.3]: 9.77884e-06 / 212
[98, 100]; [0.3, 0.35]: 8.35799e-06 / 247
[98, 100]; [0.35, 0.4]: 9.946e-06 / 242
[98, 100]; [0.4, 0.45]: 8.02367e-06 / 211
[98, 100]; [0.45, 0.5]: 8.94304e-06 / 257
[98, 100]; [0.5, 0.55]: 8.35799e-06 / 226
[98, 100]; [0.55, 0.6]: 8.10725e-06 / 271
[98, 100]; [0.6, 0.65]: 1.08654e-05 / 268
[98, 100]; [0.65, 0.7]: 9.69526e-06 / 299
[98, 100]; [0.7, 0.75]: 9.44452e-06 / 312
[98, 100]; [0.75, 0.8]: 9.1102e-06 / 299
[98, 100]; [0.8, 0.85]: 8.52514e-06 / 311
[98, 100]; [0.85, 0.9]: 7.18787e-06 / 245
[98, 100]; [0.9, 0.95]: 0 / 0
[98, 100]; [0.95, 1]: 0 / 0

