[pTmin, pTmax]; [cosmin, cosmax]: data entries / mc entries

[66, 68]; [-1, -0.95]: 0 / 0
[66, 68]; [-0.95, -0.9]: 0 / 0
[66, 68]; [-0.9, -0.85]: 3 / 22
[66, 68]; [-0.85, -0.8]: 615 / 5693
[66, 68]; [-0.8, -0.75]: 865 / 8467
[66, 68]; [-0.75, -0.7]: 921 / 7992
[66, 68]; [-0.7, -0.65]: 895 / 8039
[66, 68]; [-0.65, -0.6]: 877 / 8055
[66, 68]; [-0.6, -0.55]: 955 / 7821
[66, 68]; [-0.55, -0.5]: 898 / 7668
[66, 68]; [-0.5, -0.45]: 890 / 7483
[66, 68]; [-0.45, -0.4]: 865 / 7270
[66, 68]; [-0.4, -0.35]: 855 / 7139
[66, 68]; [-0.35, -0.3]: 805 / 7012
[66, 68]; [-0.3, -0.25]: 839 / 6972
[66, 68]; [-0.25, -0.2]: 845 / 6671
[66, 68]; [-0.2, -0.15]: 869 / 6672
[66, 68]; [-0.15, -0.1]: 837 / 6848
[66, 68]; [-0.1, -0.05]: 797 / 6756
[66, 68]; [-0.05, 0]: 847 / 6746
[66, 68]; [0, 0.05]: 808 / 6746
[66, 68]; [0.05, 0.1]: 806 / 6698
[66, 68]; [0.1, 0.15]: 817 / 6663
[66, 68]; [0.15, 0.2]: 807 / 6628
[66, 68]; [0.2, 0.25]: 870 / 6739
[66, 68]; [0.25, 0.3]: 855 / 6812
[66, 68]; [0.3, 0.35]: 875 / 6938
[66, 68]; [0.35, 0.4]: 865 / 7124
[66, 68]; [0.4, 0.45]: 868 / 7364
[66, 68]; [0.45, 0.5]: 860 / 7491
[66, 68]; [0.5, 0.55]: 886 / 7810
[66, 68]; [0.55, 0.6]: 863 / 7792
[66, 68]; [0.6, 0.65]: 912 / 7896
[66, 68]; [0.65, 0.7]: 861 / 7964
[66, 68]; [0.7, 0.75]: 881 / 8299
[66, 68]; [0.75, 0.8]: 971 / 8541
[66, 68]; [0.8, 0.85]: 639 / 5909
[66, 68]; [0.85, 0.9]: 2 / 22
[66, 68]; [0.9, 0.95]: 0 / 0
[66, 68]; [0.95, 1]: 0 / 0

[68, 70]; [-1, -0.95]: 0 / 0
[68, 70]; [-0.95, -0.9]: 0 / 0
[68, 70]; [-0.9, -0.85]: 7 / 85
[68, 70]; [-0.85, -0.8]: 603 / 5840
[68, 70]; [-0.8, -0.75]: 742 / 7513
[68, 70]; [-0.75, -0.7]: 740 / 7173
[68, 70]; [-0.7, -0.65]: 788 / 7075
[68, 70]; [-0.65, -0.6]: 767 / 6896
[68, 70]; [-0.6, -0.55]: 780 / 6922
[68, 70]; [-0.55, -0.5]: 812 / 6839
[68, 70]; [-0.5, -0.45]: 751 / 6603
[68, 70]; [-0.45, -0.4]: 731 / 6435
[68, 70]; [-0.4, -0.35]: 715 / 6202
[68, 70]; [-0.35, -0.3]: 660 / 5979
[68, 70]; [-0.3, -0.25]: 667 / 5800
[68, 70]; [-0.25, -0.2]: 676 / 5776
[68, 70]; [-0.2, -0.15]: 722 / 5802
[68, 70]; [-0.15, -0.1]: 719 / 5928
[68, 70]; [-0.1, -0.05]: 692 / 6037
[68, 70]; [-0.05, 0]: 710 / 5833
[68, 70]; [0, 0.05]: 727 / 5902
[68, 70]; [0.05, 0.1]: 700 / 5850
[68, 70]; [0.1, 0.15]: 651 / 5835
[68, 70]; [0.15, 0.2]: 722 / 5930
[68, 70]; [0.2, 0.25]: 729 / 5915
[68, 70]; [0.25, 0.3]: 689 / 5939
[68, 70]; [0.3, 0.35]: 737 / 6038
[68, 70]; [0.35, 0.4]: 704 / 6089
[68, 70]; [0.4, 0.45]: 743 / 6244
[68, 70]; [0.45, 0.5]: 696 / 6799
[68, 70]; [0.5, 0.55]: 796 / 6672
[68, 70]; [0.55, 0.6]: 774 / 6989
[68, 70]; [0.6, 0.65]: 724 / 6957
[68, 70]; [0.65, 0.7]: 721 / 7068
[68, 70]; [0.7, 0.75]: 748 / 7270
[68, 70]; [0.75, 0.8]: 759 / 7683
[68, 70]; [0.8, 0.85]: 629 / 5913
[68, 70]; [0.85, 0.9]: 12 / 94
[68, 70]; [0.9, 0.95]: 0 / 0
[68, 70]; [0.95, 1]: 0 / 0

[70, 72]; [-1, -0.95]: 0 / 0
[70, 72]; [-0.95, -0.9]: 0 / 0
[70, 72]; [-0.9, -0.85]: 14 / 173
[70, 72]; [-0.85, -0.8]: 545 / 5457
[70, 72]; [-0.8, -0.75]: 657 / 6722
[70, 72]; [-0.75, -0.7]: 718 / 6241
[70, 72]; [-0.7, -0.65]: 619 / 6102
[70, 72]; [-0.65, -0.6]: 622 / 5837
[70, 72]; [-0.6, -0.55]: 676 / 5959
[70, 72]; [-0.55, -0.5]: 686 / 5751
[70, 72]; [-0.5, -0.45]: 609 / 5629
[70, 72]; [-0.45, -0.4]: 618 / 5526
[70, 72]; [-0.4, -0.35]: 575 / 5341
[70, 72]; [-0.35, -0.3]: 578 / 5164
[70, 72]; [-0.3, -0.25]: 599 / 5037
[70, 72]; [-0.25, -0.2]: 544 / 5128
[70, 72]; [-0.2, -0.15]: 574 / 5030
[70, 72]; [-0.15, -0.1]: 626 / 5043
[70, 72]; [-0.1, -0.05]: 599 / 5169
[70, 72]; [-0.05, 0]: 574 / 5143
[70, 72]; [0, 0.05]: 556 / 5143
[70, 72]; [0.05, 0.1]: 613 / 5221
[70, 72]; [0.1, 0.15]: 569 / 5123
[70, 72]; [0.15, 0.2]: 613 / 5103
[70, 72]; [0.2, 0.25]: 589 / 5155
[70, 72]; [0.25, 0.3]: 562 / 5086
[70, 72]; [0.3, 0.35]: 596 / 5348
[70, 72]; [0.35, 0.4]: 665 / 5380
[70, 72]; [0.4, 0.45]: 647 / 5520
[70, 72]; [0.45, 0.5]: 634 / 5745
[70, 72]; [0.5, 0.55]: 636 / 5887
[70, 72]; [0.55, 0.6]: 662 / 6016
[70, 72]; [0.6, 0.65]: 622 / 6090
[70, 72]; [0.65, 0.7]: 668 / 6256
[70, 72]; [0.7, 0.75]: 621 / 6434
[70, 72]; [0.75, 0.8]: 673 / 6655
[70, 72]; [0.8, 0.85]: 541 / 5782
[70, 72]; [0.85, 0.9]: 22 / 196
[70, 72]; [0.9, 0.95]: 0 / 0
[70, 72]; [0.95, 1]: 0 / 0

[72, 74]; [-1, -0.95]: 0 / 0
[72, 74]; [-0.95, -0.9]: 0 / 0
[72, 74]; [-0.9, -0.85]: 32 / 315
[72, 74]; [-0.85, -0.8]: 505 / 5250
[72, 74]; [-0.8, -0.75]: 613 / 5691
[72, 74]; [-0.75, -0.7]: 536 / 5558
[72, 74]; [-0.7, -0.65]: 595 / 5541
[72, 74]; [-0.65, -0.6]: 589 / 5248
[72, 74]; [-0.6, -0.55]: 571 / 5242
[72, 74]; [-0.55, -0.5]: 535 / 5106
[72, 74]; [-0.5, -0.45]: 551 / 4944
[72, 74]; [-0.45, -0.4]: 523 / 4882
[72, 74]; [-0.4, -0.35]: 508 / 4586
[72, 74]; [-0.35, -0.3]: 483 / 4603
[72, 74]; [-0.3, -0.25]: 484 / 4453
[72, 74]; [-0.25, -0.2]: 465 / 4363
[72, 74]; [-0.2, -0.15]: 514 / 4532
[72, 74]; [-0.15, -0.1]: 522 / 4458
[72, 74]; [-0.1, -0.05]: 519 / 4517
[72, 74]; [-0.05, 0]: 519 / 4344
[72, 74]; [0, 0.05]: 475 / 4585
[72, 74]; [0.05, 0.1]: 469 / 4511
[72, 74]; [0.1, 0.15]: 466 / 4643
[72, 74]; [0.15, 0.2]: 464 / 4400
[72, 74]; [0.2, 0.25]: 465 / 4585
[72, 74]; [0.25, 0.3]: 509 / 4474
[72, 74]; [0.3, 0.35]: 501 / 4576
[72, 74]; [0.35, 0.4]: 546 / 4601
[72, 74]; [0.4, 0.45]: 541 / 4755
[72, 74]; [0.45, 0.5]: 519 / 5007
[72, 74]; [0.5, 0.55]: 566 / 5192
[72, 74]; [0.55, 0.6]: 563 / 5329
[72, 74]; [0.6, 0.65]: 546 / 5380
[72, 74]; [0.65, 0.7]: 562 / 5434
[72, 74]; [0.7, 0.75]: 527 / 5564
[72, 74]; [0.75, 0.8]: 565 / 5795
[72, 74]; [0.8, 0.85]: 509 / 5548
[72, 74]; [0.85, 0.9]: 26 / 311
[72, 74]; [0.9, 0.95]: 0 / 0
[72, 74]; [0.95, 1]: 0 / 0

[74, 76]; [-1, -0.95]: 0 / 0
[74, 76]; [-0.95, -0.9]: 0 / 0
[74, 76]; [-0.9, -0.85]: 34 / 527
[74, 76]; [-0.85, -0.8]: 458 / 4788
[74, 76]; [-0.8, -0.75]: 463 / 4926
[74, 76]; [-0.75, -0.7]: 511 / 4882
[74, 76]; [-0.7, -0.65]: 472 / 4757
[74, 76]; [-0.65, -0.6]: 445 / 4670
[74, 76]; [-0.6, -0.55]: 473 / 4495
[74, 76]; [-0.55, -0.5]: 469 / 4464
[74, 76]; [-0.5, -0.45]: 455 / 4188
[74, 76]; [-0.45, -0.4]: 456 / 4077
[74, 76]; [-0.4, -0.35]: 441 / 4045
[74, 76]; [-0.35, -0.3]: 472 / 3838
[74, 76]; [-0.3, -0.25]: 375 / 3889
[74, 76]; [-0.25, -0.2]: 410 / 3975
[74, 76]; [-0.2, -0.15]: 389 / 3842
[74, 76]; [-0.15, -0.1]: 417 / 3859
[74, 76]; [-0.1, -0.05]: 417 / 3965
[74, 76]; [-0.05, 0]: 482 / 3935
[74, 76]; [0, 0.05]: 446 / 4096
[74, 76]; [0.05, 0.1]: 419 / 3802
[74, 76]; [0.1, 0.15]: 442 / 3813
[74, 76]; [0.15, 0.2]: 452 / 4058
[74, 76]; [0.2, 0.25]: 406 / 3943
[74, 76]; [0.25, 0.3]: 417 / 4009
[74, 76]; [0.3, 0.35]: 449 / 3957
[74, 76]; [0.35, 0.4]: 418 / 4099
[74, 76]; [0.4, 0.45]: 475 / 4195
[74, 76]; [0.45, 0.5]: 486 / 4353
[74, 76]; [0.5, 0.55]: 469 / 4463
[74, 76]; [0.55, 0.6]: 478 / 4505
[74, 76]; [0.6, 0.65]: 487 / 4673
[74, 76]; [0.65, 0.7]: 495 / 4828
[74, 76]; [0.7, 0.75]: 459 / 5055
[74, 76]; [0.75, 0.8]: 450 / 5146
[74, 76]; [0.8, 0.85]: 479 / 5066
[74, 76]; [0.85, 0.9]: 53 / 489
[74, 76]; [0.9, 0.95]: 0 / 0
[74, 76]; [0.95, 1]: 0 / 0

[76, 78]; [-1, -0.95]: 0 / 0
[76, 78]; [-0.95, -0.9]: 0 / 0
[76, 78]; [-0.9, -0.85]: 63 / 663
[76, 78]; [-0.85, -0.8]: 415 / 4358
[76, 78]; [-0.8, -0.75]: 413 / 4463
[76, 78]; [-0.75, -0.7]: 432 / 4280
[76, 78]; [-0.7, -0.65]: 426 / 4127
[76, 78]; [-0.65, -0.6]: 409 / 4119
[76, 78]; [-0.6, -0.55]: 419 / 4015
[76, 78]; [-0.55, -0.5]: 407 / 3797
[76, 78]; [-0.5, -0.45]: 386 / 3673
[76, 78]; [-0.45, -0.4]: 395 / 3637
[76, 78]; [-0.4, -0.35]: 383 / 3520
[76, 78]; [-0.35, -0.3]: 417 / 3577
[76, 78]; [-0.3, -0.25]: 381 / 3441
[76, 78]; [-0.25, -0.2]: 404 / 3490
[76, 78]; [-0.2, -0.15]: 355 / 3353
[76, 78]; [-0.15, -0.1]: 377 / 3464
[76, 78]; [-0.1, -0.05]: 339 / 3497
[76, 78]; [-0.05, 0]: 390 / 3442
[76, 78]; [0, 0.05]: 385 / 3538
[76, 78]; [0.05, 0.1]: 386 / 3396
[76, 78]; [0.1, 0.15]: 380 / 3393
[76, 78]; [0.15, 0.2]: 369 / 3405
[76, 78]; [0.2, 0.25]: 386 / 3460
[76, 78]; [0.25, 0.3]: 357 / 3538
[76, 78]; [0.3, 0.35]: 360 / 3421
[76, 78]; [0.35, 0.4]: 396 / 3517
[76, 78]; [0.4, 0.45]: 360 / 3629
[76, 78]; [0.45, 0.5]: 382 / 3752
[76, 78]; [0.5, 0.55]: 375 / 3918
[76, 78]; [0.55, 0.6]: 438 / 4042
[76, 78]; [0.6, 0.65]: 384 / 4112
[76, 78]; [0.65, 0.7]: 449 / 4252
[76, 78]; [0.7, 0.75]: 421 / 4258
[76, 78]; [0.75, 0.8]: 426 / 4586
[76, 78]; [0.8, 0.85]: 402 / 4392
[76, 78]; [0.85, 0.9]: 65 / 665
[76, 78]; [0.9, 0.95]: 0 / 0
[76, 78]; [0.95, 1]: 0 / 0

[78, 80]; [-1, -0.95]: 0 / 0
[78, 80]; [-0.95, -0.9]: 0 / 0
[78, 80]; [-0.9, -0.85]: 84 / 850
[78, 80]; [-0.85, -0.8]: 355 / 3905
[78, 80]; [-0.8, -0.75]: 371 / 3882
[78, 80]; [-0.75, -0.7]: 361 / 3831
[78, 80]; [-0.7, -0.65]: 352 / 3592
[78, 80]; [-0.65, -0.6]: 348 / 3591
[78, 80]; [-0.6, -0.55]: 322 / 3392
[78, 80]; [-0.55, -0.5]: 353 / 3403
[78, 80]; [-0.5, -0.45]: 325 / 3246
[78, 80]; [-0.45, -0.4]: 331 / 3188
[78, 80]; [-0.4, -0.35]: 303 / 2918
[78, 80]; [-0.35, -0.3]: 331 / 3077
[78, 80]; [-0.3, -0.25]: 319 / 2998
[78, 80]; [-0.25, -0.2]: 317 / 3030
[78, 80]; [-0.2, -0.15]: 301 / 3088
[78, 80]; [-0.15, -0.1]: 332 / 3115
[78, 80]; [-0.1, -0.05]: 333 / 3058
[78, 80]; [-0.05, 0]: 351 / 3038
[78, 80]; [0, 0.05]: 330 / 3004
[78, 80]; [0.05, 0.1]: 339 / 3073
[78, 80]; [0.1, 0.15]: 339 / 2925
[78, 80]; [0.15, 0.2]: 310 / 3040
[78, 80]; [0.2, 0.25]: 300 / 3049
[78, 80]; [0.25, 0.3]: 334 / 3033
[78, 80]; [0.3, 0.35]: 319 / 3058
[78, 80]; [0.35, 0.4]: 337 / 3062
[78, 80]; [0.4, 0.45]: 301 / 3115
[78, 80]; [0.45, 0.5]: 339 / 3249
[78, 80]; [0.5, 0.55]: 325 / 3314
[78, 80]; [0.55, 0.6]: 334 / 3518
[78, 80]; [0.6, 0.65]: 348 / 3556
[78, 80]; [0.65, 0.7]: 301 / 3625
[78, 80]; [0.7, 0.75]: 353 / 3760
[78, 80]; [0.75, 0.8]: 370 / 4020
[78, 80]; [0.8, 0.85]: 326 / 3975
[78, 80]; [0.85, 0.9]: 78 / 858
[78, 80]; [0.9, 0.95]: 0 / 0
[78, 80]; [0.95, 1]: 0 / 0

[80, 82]; [-1, -0.95]: 0 / 0
[80, 82]; [-0.95, -0.9]: 0 / 0
[80, 82]; [-0.9, -0.85]: 94 / 926
[80, 82]; [-0.85, -0.8]: 299 / 3473
[80, 82]; [-0.8, -0.75]: 321 / 3418
[80, 82]; [-0.75, -0.7]: 312 / 3320
[80, 82]; [-0.7, -0.65]: 276 / 3120
[80, 82]; [-0.65, -0.6]: 303 / 3128
[80, 82]; [-0.6, -0.55]: 336 / 3025
[80, 82]; [-0.55, -0.5]: 310 / 2921
[80, 82]; [-0.5, -0.45]: 294 / 2836
[80, 82]; [-0.45, -0.4]: 275 / 2766
[80, 82]; [-0.4, -0.35]: 281 / 2734
[80, 82]; [-0.35, -0.3]: 293 / 2771
[80, 82]; [-0.3, -0.25]: 322 / 2666
[80, 82]; [-0.25, -0.2]: 265 / 2703
[80, 82]; [-0.2, -0.15]: 279 / 2664
[80, 82]; [-0.15, -0.1]: 251 / 2624
[80, 82]; [-0.1, -0.05]: 296 / 2565
[80, 82]; [-0.05, 0]: 293 / 2730
[80, 82]; [0, 0.05]: 276 / 2657
[80, 82]; [0.05, 0.1]: 262 / 2645
[80, 82]; [0.1, 0.15]: 250 / 2658
[80, 82]; [0.15, 0.2]: 274 / 2650
[80, 82]; [0.2, 0.25]: 271 / 2695
[80, 82]; [0.25, 0.3]: 277 / 2611
[80, 82]; [0.3, 0.35]: 288 / 2721
[80, 82]; [0.35, 0.4]: 256 / 2671
[80, 82]; [0.4, 0.45]: 291 / 2764
[80, 82]; [0.45, 0.5]: 304 / 2717
[80, 82]; [0.5, 0.55]: 300 / 3016
[80, 82]; [0.55, 0.6]: 325 / 3039
[80, 82]; [0.6, 0.65]: 322 / 3233
[80, 82]; [0.65, 0.7]: 269 / 3258
[80, 82]; [0.7, 0.75]: 312 / 3243
[80, 82]; [0.75, 0.8]: 346 / 3452
[80, 82]; [0.8, 0.85]: 313 / 3555
[80, 82]; [0.85, 0.9]: 77 / 946
[80, 82]; [0.9, 0.95]: 0 / 0
[80, 82]; [0.95, 1]: 0 / 0

[82, 84]; [-1, -0.95]: 0 / 0
[82, 84]; [-0.95, -0.9]: 0 / 0
[82, 84]; [-0.9, -0.85]: 92 / 1011
[82, 84]; [-0.85, -0.8]: 272 / 3117
[82, 84]; [-0.8, -0.75]: 241 / 2971
[82, 84]; [-0.75, -0.7]: 275 / 2852
[82, 84]; [-0.7, -0.65]: 289 / 2845
[82, 84]; [-0.65, -0.6]: 283 / 2754
[82, 84]; [-0.6, -0.55]: 307 / 2749
[82, 84]; [-0.55, -0.5]: 258 / 2434
[82, 84]; [-0.5, -0.45]: 249 / 2483
[82, 84]; [-0.45, -0.4]: 263 / 2377
[82, 84]; [-0.4, -0.35]: 229 / 2320
[82, 84]; [-0.35, -0.3]: 208 / 2374
[82, 84]; [-0.3, -0.25]: 258 / 2274
[82, 84]; [-0.25, -0.2]: 224 / 2259
[82, 84]; [-0.2, -0.15]: 245 / 2337
[82, 84]; [-0.15, -0.1]: 232 / 2341
[82, 84]; [-0.1, -0.05]: 253 / 2367
[82, 84]; [-0.05, 0]: 220 / 2387
[82, 84]; [0, 0.05]: 255 / 2355
[82, 84]; [0.05, 0.1]: 232 / 2299
[82, 84]; [0.1, 0.15]: 251 / 2371
[82, 84]; [0.15, 0.2]: 247 / 2323
[82, 84]; [0.2, 0.25]: 231 / 2337
[82, 84]; [0.25, 0.3]: 237 / 2282
[82, 84]; [0.3, 0.35]: 250 / 2374
[82, 84]; [0.35, 0.4]: 230 / 2437
[82, 84]; [0.4, 0.45]: 239 / 2356
[82, 84]; [0.45, 0.5]: 251 / 2354
[82, 84]; [0.5, 0.55]: 232 / 2513
[82, 84]; [0.55, 0.6]: 249 / 2687
[82, 84]; [0.6, 0.65]: 242 / 2809
[82, 84]; [0.65, 0.7]: 267 / 2837
[82, 84]; [0.7, 0.75]: 303 / 2833
[82, 84]; [0.75, 0.8]: 277 / 3041
[82, 84]; [0.8, 0.85]: 242 / 3053
[82, 84]; [0.85, 0.9]: 79 / 1062
[82, 84]; [0.9, 0.95]: 0 / 0
[82, 84]; [0.95, 1]: 0 / 0

[84, 86]; [-1, -0.95]: 0 / 0
[84, 86]; [-0.95, -0.9]: 0 / 0
[84, 86]; [-0.9, -0.85]: 92 / 1092
[84, 86]; [-0.85, -0.8]: 229 / 2658
[84, 86]; [-0.8, -0.75]: 230 / 2729
[84, 86]; [-0.75, -0.7]: 244 / 2494
[84, 86]; [-0.7, -0.65]: 233 / 2512
[84, 86]; [-0.65, -0.6]: 218 / 2390
[84, 86]; [-0.6, -0.55]: 233 / 2361
[84, 86]; [-0.55, -0.5]: 244 / 2308
[84, 86]; [-0.5, -0.45]: 226 / 2121
[84, 86]; [-0.45, -0.4]: 214 / 2151
[84, 86]; [-0.4, -0.35]: 205 / 2126
[84, 86]; [-0.35, -0.3]: 212 / 2067
[84, 86]; [-0.3, -0.25]: 199 / 2045
[84, 86]; [-0.25, -0.2]: 216 / 2041
[84, 86]; [-0.2, -0.15]: 201 / 2051
[84, 86]; [-0.15, -0.1]: 245 / 1925
[84, 86]; [-0.1, -0.05]: 210 / 2053
[84, 86]; [-0.05, 0]: 198 / 2090
[84, 86]; [0, 0.05]: 214 / 2048
[84, 86]; [0.05, 0.1]: 218 / 2027
[84, 86]; [0.1, 0.15]: 207 / 2068
[84, 86]; [0.15, 0.2]: 201 / 2079
[84, 86]; [0.2, 0.25]: 177 / 2100
[84, 86]; [0.25, 0.3]: 243 / 2097
[84, 86]; [0.3, 0.35]: 216 / 2090
[84, 86]; [0.35, 0.4]: 211 / 2147
[84, 86]; [0.4, 0.45]: 202 / 2116
[84, 86]; [0.45, 0.5]: 225 / 2146
[84, 86]; [0.5, 0.55]: 203 / 2276
[84, 86]; [0.55, 0.6]: 223 / 2324
[84, 86]; [0.6, 0.65]: 231 / 2381
[84, 86]; [0.65, 0.7]: 271 / 2506
[84, 86]; [0.7, 0.75]: 243 / 2587
[84, 86]; [0.75, 0.8]: 246 / 2677
[84, 86]; [0.8, 0.85]: 214 / 2885
[84, 86]; [0.85, 0.9]: 85 / 1095
[84, 86]; [0.9, 0.95]: 0 / 0
[84, 86]; [0.95, 1]: 0 / 0

[86, 88]; [-1, -0.95]: 0 / 0
[86, 88]; [-0.95, -0.9]: 0 / 0
[86, 88]; [-0.9, -0.85]: 111 / 1093
[86, 88]; [-0.85, -0.8]: 211 / 2421
[86, 88]; [-0.8, -0.75]: 198 / 2285
[86, 88]; [-0.75, -0.7]: 212 / 2211
[86, 88]; [-0.7, -0.65]: 224 / 2242
[86, 88]; [-0.65, -0.6]: 202 / 2126
[86, 88]; [-0.6, -0.55]: 211 / 1986
[86, 88]; [-0.55, -0.5]: 185 / 1969
[86, 88]; [-0.5, -0.45]: 172 / 1924
[86, 88]; [-0.45, -0.4]: 190 / 1877
[86, 88]; [-0.4, -0.35]: 187 / 1842
[86, 88]; [-0.35, -0.3]: 192 / 1813
[86, 88]; [-0.3, -0.25]: 206 / 1856
[86, 88]; [-0.25, -0.2]: 209 / 1782
[86, 88]; [-0.2, -0.15]: 155 / 1882
[86, 88]; [-0.15, -0.1]: 197 / 1844
[86, 88]; [-0.1, -0.05]: 174 / 1832
[86, 88]; [-0.05, 0]: 183 / 1864
[86, 88]; [0, 0.05]: 184 / 1848
[86, 88]; [0.05, 0.1]: 198 / 1870
[86, 88]; [0.1, 0.15]: 188 / 1771
[86, 88]; [0.15, 0.2]: 174 / 1841
[86, 88]; [0.2, 0.25]: 178 / 1903
[86, 88]; [0.25, 0.3]: 182 / 1878
[86, 88]; [0.3, 0.35]: 165 / 1845
[86, 88]; [0.35, 0.4]: 180 / 1833
[86, 88]; [0.4, 0.45]: 200 / 1879
[86, 88]; [0.45, 0.5]: 190 / 1898
[86, 88]; [0.5, 0.55]: 205 / 1967
[86, 88]; [0.55, 0.6]: 198 / 2058
[86, 88]; [0.6, 0.65]: 207 / 2129
[86, 88]; [0.65, 0.7]: 210 / 2213
[86, 88]; [0.7, 0.75]: 198 / 2302
[86, 88]; [0.75, 0.8]: 194 / 2374
[86, 88]; [0.8, 0.85]: 242 / 2531
[86, 88]; [0.85, 0.9]: 89 / 1165
[86, 88]; [0.9, 0.95]: 0 / 0
[86, 88]; [0.95, 1]: 0 / 0

[88, 90]; [-1, -0.95]: 0 / 0
[88, 90]; [-0.95, -0.9]: 0 / 0
[88, 90]; [-0.9, -0.85]: 110 / 1142
[88, 90]; [-0.85, -0.8]: 190 / 2198
[88, 90]; [-0.8, -0.75]: 195 / 2038
[88, 90]; [-0.75, -0.7]: 181 / 2075
[88, 90]; [-0.7, -0.65]: 199 / 1899
[88, 90]; [-0.65, -0.6]: 179 / 1823
[88, 90]; [-0.6, -0.55]: 181 / 1820
[88, 90]; [-0.55, -0.5]: 151 / 1684
[88, 90]; [-0.5, -0.45]: 155 / 1685
[88, 90]; [-0.45, -0.4]: 135 / 1527
[88, 90]; [-0.4, -0.35]: 165 / 1632
[88, 90]; [-0.35, -0.3]: 158 / 1627
[88, 90]; [-0.3, -0.25]: 170 / 1614
[88, 90]; [-0.25, -0.2]: 158 / 1646
[88, 90]; [-0.2, -0.15]: 154 / 1569
[88, 90]; [-0.15, -0.1]: 155 / 1495
[88, 90]; [-0.1, -0.05]: 192 / 1663
[88, 90]; [-0.05, 0]: 170 / 1728
[88, 90]; [0, 0.05]: 156 / 1634
[88, 90]; [0.05, 0.1]: 173 / 1581
[88, 90]; [0.1, 0.15]: 168 / 1617
[88, 90]; [0.15, 0.2]: 161 / 1629
[88, 90]; [0.2, 0.25]: 161 / 1634
[88, 90]; [0.25, 0.3]: 154 / 1602
[88, 90]; [0.3, 0.35]: 150 / 1632
[88, 90]; [0.35, 0.4]: 158 / 1627
[88, 90]; [0.4, 0.45]: 168 / 1684
[88, 90]; [0.45, 0.5]: 160 / 1643
[88, 90]; [0.5, 0.55]: 154 / 1716
[88, 90]; [0.55, 0.6]: 158 / 1843
[88, 90]; [0.6, 0.65]: 174 / 1928
[88, 90]; [0.65, 0.7]: 196 / 1958
[88, 90]; [0.7, 0.75]: 183 / 1949
[88, 90]; [0.75, 0.8]: 179 / 2059
[88, 90]; [0.8, 0.85]: 192 / 2243
[88, 90]; [0.85, 0.9]: 92 / 1133
[88, 90]; [0.9, 0.95]: 0 / 0
[88, 90]; [0.95, 1]: 0 / 0

[90, 92]; [-1, -0.95]: 0 / 0
[90, 92]; [-0.95, -0.9]: 0 / 0
[90, 92]; [-0.9, -0.85]: 111 / 1111
[90, 92]; [-0.85, -0.8]: 151 / 1845
[90, 92]; [-0.8, -0.75]: 160 / 1739
[90, 92]; [-0.75, -0.7]: 161 / 1730
[90, 92]; [-0.7, -0.65]: 167 / 1778
[90, 92]; [-0.65, -0.6]: 151 / 1571
[90, 92]; [-0.6, -0.55]: 146 / 1593
[90, 92]; [-0.55, -0.5]: 159 / 1510
[90, 92]; [-0.5, -0.45]: 150 / 1464
[90, 92]; [-0.45, -0.4]: 120 / 1475
[90, 92]; [-0.4, -0.35]: 154 / 1462
[90, 92]; [-0.35, -0.3]: 136 / 1447
[90, 92]; [-0.3, -0.25]: 142 / 1453
[90, 92]; [-0.25, -0.2]: 140 / 1384
[90, 92]; [-0.2, -0.15]: 128 / 1408
[90, 92]; [-0.15, -0.1]: 136 / 1443
[90, 92]; [-0.1, -0.05]: 158 / 1386
[90, 92]; [-0.05, 0]: 137 / 1457
[90, 92]; [0, 0.05]: 126 / 1412
[90, 92]; [0.05, 0.1]: 125 / 1397
[90, 92]; [0.1, 0.15]: 146 / 1390
[90, 92]; [0.15, 0.2]: 182 / 1430
[90, 92]; [0.2, 0.25]: 154 / 1402
[90, 92]; [0.25, 0.3]: 136 / 1372
[90, 92]; [0.3, 0.35]: 153 / 1396
[90, 92]; [0.35, 0.4]: 165 / 1394
[90, 92]; [0.4, 0.45]: 144 / 1390
[90, 92]; [0.45, 0.5]: 142 / 1440
[90, 92]; [0.5, 0.55]: 139 / 1551
[90, 92]; [0.55, 0.6]: 161 / 1552
[90, 92]; [0.6, 0.65]: 160 / 1657
[90, 92]; [0.65, 0.7]: 158 / 1732
[90, 92]; [0.7, 0.75]: 183 / 1807
[90, 92]; [0.75, 0.8]: 179 / 1779
[90, 92]; [0.8, 0.85]: 137 / 1807
[90, 92]; [0.85, 0.9]: 94 / 1112
[90, 92]; [0.9, 0.95]: 0 / 0
[90, 92]; [0.95, 1]: 0 / 0

[92, 94]; [-1, -0.95]: 0 / 0
[92, 94]; [-0.95, -0.9]: 0 / 0
[92, 94]; [-0.9, -0.85]: 75 / 1107
[92, 94]; [-0.85, -0.8]: 136 / 1638
[92, 94]; [-0.8, -0.75]: 149 / 1571
[92, 94]; [-0.75, -0.7]: 139 / 1583
[92, 94]; [-0.7, -0.65]: 130 / 1530
[92, 94]; [-0.65, -0.6]: 130 / 1470
[92, 94]; [-0.6, -0.55]: 137 / 1425
[92, 94]; [-0.55, -0.5]: 116 / 1347
[92, 94]; [-0.5, -0.45]: 121 / 1283
[92, 94]; [-0.45, -0.4]: 114 / 1240
[92, 94]; [-0.4, -0.35]: 117 / 1272
[92, 94]; [-0.35, -0.3]: 137 / 1221
[92, 94]; [-0.3, -0.25]: 133 / 1274
[92, 94]; [-0.25, -0.2]: 123 / 1217
[92, 94]; [-0.2, -0.15]: 127 / 1269
[92, 94]; [-0.15, -0.1]: 116 / 1233
[92, 94]; [-0.1, -0.05]: 114 / 1274
[92, 94]; [-0.05, 0]: 135 / 1249
[92, 94]; [0, 0.05]: 117 / 1227
[92, 94]; [0.05, 0.1]: 128 / 1237
[92, 94]; [0.1, 0.15]: 126 / 1249
[92, 94]; [0.15, 0.2]: 122 / 1167
[92, 94]; [0.2, 0.25]: 150 / 1285
[92, 94]; [0.25, 0.3]: 128 / 1229
[92, 94]; [0.3, 0.35]: 113 / 1214
[92, 94]; [0.35, 0.4]: 124 / 1238
[92, 94]; [0.4, 0.45]: 135 / 1310
[92, 94]; [0.45, 0.5]: 116 / 1313
[92, 94]; [0.5, 0.55]: 143 / 1319
[92, 94]; [0.55, 0.6]: 123 / 1339
[92, 94]; [0.6, 0.65]: 145 / 1378
[92, 94]; [0.65, 0.7]: 127 / 1559
[92, 94]; [0.7, 0.75]: 145 / 1537
[92, 94]; [0.75, 0.8]: 143 / 1606
[92, 94]; [0.8, 0.85]: 133 / 1774
[92, 94]; [0.85, 0.9]: 95 / 1011
[92, 94]; [0.9, 0.95]: 0 / 0
[92, 94]; [0.95, 1]: 0 / 0

[94, 96]; [-1, -0.95]: 0 / 0
[94, 96]; [-0.95, -0.9]: 0 / 0
[94, 96]; [-0.9, -0.85]: 102 / 980
[94, 96]; [-0.85, -0.8]: 123 / 1443
[94, 96]; [-0.8, -0.75]: 102 / 1380
[94, 96]; [-0.75, -0.7]: 122 / 1345
[94, 96]; [-0.7, -0.65]: 139 / 1338
[94, 96]; [-0.65, -0.6]: 121 / 1214
[94, 96]; [-0.6, -0.55]: 111 / 1208
[94, 96]; [-0.55, -0.5]: 99 / 1191
[94, 96]; [-0.5, -0.45]: 122 / 1134
[94, 96]; [-0.45, -0.4]: 103 / 1127
[94, 96]; [-0.4, -0.35]: 120 / 1177
[94, 96]; [-0.35, -0.3]: 109 / 1122
[94, 96]; [-0.3, -0.25]: 103 / 1123
[94, 96]; [-0.25, -0.2]: 111 / 1127
[94, 96]; [-0.2, -0.15]: 130 / 1081
[94, 96]; [-0.15, -0.1]: 101 / 1150
[94, 96]; [-0.1, -0.05]: 107 / 1160
[94, 96]; [-0.05, 0]: 113 / 1165
[94, 96]; [0, 0.05]: 118 / 1116
[94, 96]; [0.05, 0.1]: 131 / 1110
[94, 96]; [0.1, 0.15]: 101 / 1065
[94, 96]; [0.15, 0.2]: 103 / 1072
[94, 96]; [0.2, 0.25]: 127 / 1058
[94, 96]; [0.25, 0.3]: 113 / 1077
[94, 96]; [0.3, 0.35]: 95 / 1128
[94, 96]; [0.35, 0.4]: 136 / 1127
[94, 96]; [0.4, 0.45]: 117 / 1104
[94, 96]; [0.45, 0.5]: 104 / 1090
[94, 96]; [0.5, 0.55]: 116 / 1209
[94, 96]; [0.55, 0.6]: 124 / 1206
[94, 96]; [0.6, 0.65]: 124 / 1329
[94, 96]; [0.65, 0.7]: 119 / 1323
[94, 96]; [0.7, 0.75]: 123 / 1421
[94, 96]; [0.75, 0.8]: 136 / 1394
[94, 96]; [0.8, 0.85]: 136 / 1502
[94, 96]; [0.85, 0.9]: 89 / 934
[94, 96]; [0.9, 0.95]: 0 / 0
[94, 96]; [0.95, 1]: 0 / 0

[96, 98]; [-1, -0.95]: 0 / 0
[96, 98]; [-0.95, -0.9]: 0 / 0
[96, 98]; [-0.9, -0.85]: 72 / 989
[96, 98]; [-0.85, -0.8]: 105 / 1303
[96, 98]; [-0.8, -0.75]: 115 / 1238
[96, 98]; [-0.75, -0.7]: 121 / 1251
[96, 98]; [-0.7, -0.65]: 118 / 1183
[96, 98]; [-0.65, -0.6]: 114 / 1067
[96, 98]; [-0.6, -0.55]: 102 / 1033
[96, 98]; [-0.55, -0.5]: 105 / 1043
[96, 98]; [-0.5, -0.45]: 90 / 1069
[96, 98]; [-0.45, -0.4]: 111 / 970
[96, 98]; [-0.4, -0.35]: 82 / 997
[96, 98]; [-0.35, -0.3]: 92 / 957
[96, 98]; [-0.3, -0.25]: 97 / 998
[96, 98]; [-0.25, -0.2]: 106 / 917
[96, 98]; [-0.2, -0.15]: 83 / 969
[96, 98]; [-0.15, -0.1]: 115 / 950
[96, 98]; [-0.1, -0.05]: 111 / 1001
[96, 98]; [-0.05, 0]: 98 / 946
[96, 98]; [0, 0.05]: 87 / 973
[96, 98]; [0.05, 0.1]: 104 / 1005
[96, 98]; [0.1, 0.15]: 117 / 1062
[96, 98]; [0.15, 0.2]: 99 / 956
[96, 98]; [0.2, 0.25]: 103 / 994
[96, 98]; [0.25, 0.3]: 91 / 967
[96, 98]; [0.3, 0.35]: 75 / 1032
[96, 98]; [0.35, 0.4]: 88 / 996
[96, 98]; [0.4, 0.45]: 112 / 1027
[96, 98]; [0.45, 0.5]: 92 / 1052
[96, 98]; [0.5, 0.55]: 100 / 996
[96, 98]; [0.55, 0.6]: 89 / 1074
[96, 98]; [0.6, 0.65]: 90 / 1114
[96, 98]; [0.65, 0.7]: 100 / 1197
[96, 98]; [0.7, 0.75]: 105 / 1269
[96, 98]; [0.75, 0.8]: 103 / 1259
[96, 98]; [0.8, 0.85]: 128 / 1323
[96, 98]; [0.85, 0.9]: 68 / 1025
[96, 98]; [0.9, 0.95]: 0 / 0
[96, 98]; [0.95, 1]: 0 / 0

[98, 100]; [-1, -0.95]: 0 / 0
[98, 100]; [-0.95, -0.9]: 0 / 0
[98, 100]; [-0.9, -0.85]: 77 / 899
[98, 100]; [-0.85, -0.8]: 104 / 1152
[98, 100]; [-0.8, -0.75]: 113 / 1056
[98, 100]; [-0.75, -0.7]: 79 / 1013
[98, 100]; [-0.7, -0.65]: 94 / 992
[98, 100]; [-0.65, -0.6]: 86 / 959
[98, 100]; [-0.6, -0.55]: 85 / 974
[98, 100]; [-0.55, -0.5]: 74 / 969
[98, 100]; [-0.5, -0.45]: 77 / 931
[98, 100]; [-0.45, -0.4]: 84 / 848
[98, 100]; [-0.4, -0.35]: 96 / 890
[98, 100]; [-0.35, -0.3]: 78 / 908
[98, 100]; [-0.3, -0.25]: 85 / 805
[98, 100]; [-0.25, -0.2]: 96 / 881
[98, 100]; [-0.2, -0.15]: 83 / 885
[98, 100]; [-0.15, -0.1]: 82 / 869
[98, 100]; [-0.1, -0.05]: 93 / 905
[98, 100]; [-0.05, 0]: 80 / 883
[98, 100]; [0, 0.05]: 81 / 863
[98, 100]; [0.05, 0.1]: 86 / 860
[98, 100]; [0.1, 0.15]: 92 / 858
[98, 100]; [0.15, 0.2]: 70 / 864
[98, 100]; [0.2, 0.25]: 80 / 894
[98, 100]; [0.25, 0.3]: 104 / 867
[98, 100]; [0.3, 0.35]: 89 / 863
[98, 100]; [0.35, 0.4]: 106 / 863
[98, 100]; [0.4, 0.45]: 83 / 890
[98, 100]; [0.45, 0.5]: 88 / 862
[98, 100]; [0.5, 0.55]: 87 / 944
[98, 100]; [0.55, 0.6]: 78 / 946
[98, 100]; [0.6, 0.65]: 115 / 953
[98, 100]; [0.65, 0.7]: 100 / 985
[98, 100]; [0.7, 0.75]: 97 / 1091
[98, 100]; [0.75, 0.8]: 89 / 1128
[98, 100]; [0.8, 0.85]: 83 / 1141
[98, 100]; [0.85, 0.9]: 76 / 910
[98, 100]; [0.9, 0.95]: 0 / 0
[98, 100]; [0.95, 1]: 0 / 0

