[pTmin, pTmax]; [cosmin, cosmax]: data entries / mc entries

[25, 26]; [-1, -0.95]: 0 / 0
[25, 26]; [-0.95, -0.9]: 0 / 0
[25, 26]; [-0.9, -0.85]: 0 / 0
[25, 26]; [-0.85, -0.8]: 0 / 0
[25, 26]; [-0.8, -0.75]: 0 / 0
[25, 26]; [-0.75, -0.7]: 0 / 0
[25, 26]; [-0.7, -0.65]: 0 / 0
[25, 26]; [-0.65, -0.6]: 3240 / 798
[25, 26]; [-0.6, -0.55]: 20999 / 4870
[25, 26]; [-0.55, -0.5]: 41392 / 9554
[25, 26]; [-0.5, -0.45]: 50012 / 11498
[25, 26]; [-0.45, -0.4]: 50733 / 11944
[25, 26]; [-0.4, -0.35]: 50396 / 11783
[25, 26]; [-0.35, -0.3]: 50301 / 11722
[25, 26]; [-0.3, -0.25]: 49307 / 11620
[25, 26]; [-0.25, -0.2]: 49725 / 11596
[25, 26]; [-0.2, -0.15]: 49211 / 11756
[25, 26]; [-0.15, -0.1]: 49490 / 11894
[25, 26]; [-0.1, -0.05]: 49403 / 11760
[25, 26]; [-0.05, 0]: 49526 / 11794
[25, 26]; [0, 0.05]: 49307 / 11774
[25, 26]; [0.05, 0.1]: 49700 / 11687
[25, 26]; [0.1, 0.15]: 49434 / 11677
[25, 26]; [0.15, 0.2]: 50188 / 11635
[25, 26]; [0.2, 0.25]: 49671 / 11757
[25, 26]; [0.25, 0.3]: 49925 / 11637
[25, 26]; [0.3, 0.35]: 50268 / 11777
[25, 26]; [0.35, 0.4]: 50646 / 11769
[25, 26]; [0.4, 0.45]: 51108 / 11947
[25, 26]; [0.45, 0.5]: 50535 / 11594
[25, 26]; [0.5, 0.55]: 41375 / 9639
[25, 26]; [0.55, 0.6]: 21236 / 4956
[25, 26]; [0.6, 0.65]: 3356 / 765
[25, 26]; [0.65, 0.7]: 0 / 0
[25, 26]; [0.7, 0.75]: 0 / 0
[25, 26]; [0.75, 0.8]: 0 / 0
[25, 26]; [0.8, 0.85]: 0 / 0
[25, 26]; [0.85, 0.9]: 0 / 0
[25, 26]; [0.9, 0.95]: 0 / 0
[25, 26]; [0.95, 1]: 0 / 0

[26, 27]; [-1, -0.95]: 0 / 0
[26, 27]; [-0.95, -0.9]: 0 / 0
[26, 27]; [-0.9, -0.85]: 0 / 0
[26, 27]; [-0.85, -0.8]: 0 / 0
[26, 27]; [-0.8, -0.75]: 0 / 0
[26, 27]; [-0.75, -0.7]: 0 / 0
[26, 27]; [-0.7, -0.65]: 4 / 2
[26, 27]; [-0.65, -0.6]: 5608 / 1308
[26, 27]; [-0.6, -0.55]: 24134 / 5383
[26, 27]; [-0.55, -0.5]: 38259 / 8896
[26, 27]; [-0.5, -0.45]: 42830 / 9981
[26, 27]; [-0.45, -0.4]: 42054 / 10037
[26, 27]; [-0.4, -0.35]: 41700 / 10058
[26, 27]; [-0.35, -0.3]: 41395 / 9850
[26, 27]; [-0.3, -0.25]: 41208 / 9788
[26, 27]; [-0.25, -0.2]: 41275 / 9816
[26, 27]; [-0.2, -0.15]: 40483 / 9985
[26, 27]; [-0.15, -0.1]: 40865 / 9709
[26, 27]; [-0.1, -0.05]: 40626 / 9932
[26, 27]; [-0.05, 0]: 40505 / 9944
[26, 27]; [0, 0.05]: 40884 / 9895
[26, 27]; [0.05, 0.1]: 41210 / 10070
[26, 27]; [0.1, 0.15]: 40874 / 9775
[26, 27]; [0.15, 0.2]: 41357 / 9803
[26, 27]; [0.2, 0.25]: 40691 / 9790
[26, 27]; [0.25, 0.3]: 41443 / 9878
[26, 27]; [0.3, 0.35]: 41294 / 10098
[26, 27]; [0.35, 0.4]: 41588 / 9762
[26, 27]; [0.4, 0.45]: 42034 / 10125
[26, 27]; [0.45, 0.5]: 42491 / 10109
[26, 27]; [0.5, 0.55]: 38535 / 9072
[26, 27]; [0.55, 0.6]: 24195 / 5662
[26, 27]; [0.6, 0.65]: 5587 / 1288
[26, 27]; [0.65, 0.7]: 9 / 5
[26, 27]; [0.7, 0.75]: 0 / 0
[26, 27]; [0.75, 0.8]: 0 / 0
[26, 27]; [0.8, 0.85]: 0 / 0
[26, 27]; [0.85, 0.9]: 0 / 0
[26, 27]; [0.9, 0.95]: 0 / 0
[26, 27]; [0.95, 1]: 0 / 0

[27, 28]; [-1, -0.95]: 0 / 0
[27, 28]; [-0.95, -0.9]: 0 / 0
[27, 28]; [-0.9, -0.85]: 0 / 0
[27, 28]; [-0.85, -0.8]: 0 / 0
[27, 28]; [-0.8, -0.75]: 0 / 0
[27, 28]; [-0.75, -0.7]: 0 / 0
[27, 28]; [-0.7, -0.65]: 191 / 49
[27, 28]; [-0.65, -0.6]: 7932 / 1855
[27, 28]; [-0.6, -0.55]: 24689 / 5675
[27, 28]; [-0.55, -0.5]: 33561 / 7934
[27, 28]; [-0.5, -0.45]: 34730 / 8234
[27, 28]; [-0.45, -0.4]: 34349 / 8355
[27, 28]; [-0.4, -0.35]: 34304 / 8353
[27, 28]; [-0.35, -0.3]: 33814 / 8399
[27, 28]; [-0.3, -0.25]: 33688 / 8159
[27, 28]; [-0.25, -0.2]: 33639 / 8114
[27, 28]; [-0.2, -0.15]: 33432 / 8220
[27, 28]; [-0.15, -0.1]: 33553 / 8211
[27, 28]; [-0.1, -0.05]: 33343 / 8366
[27, 28]; [-0.05, 0]: 33580 / 8262
[27, 28]; [0, 0.05]: 33518 / 8144
[27, 28]; [0.05, 0.1]: 33568 / 8379
[27, 28]; [0.1, 0.15]: 33370 / 8365
[27, 28]; [0.15, 0.2]: 33423 / 8107
[27, 28]; [0.2, 0.25]: 33770 / 8264
[27, 28]; [0.25, 0.3]: 33595 / 8283
[27, 28]; [0.3, 0.35]: 33996 / 8422
[27, 28]; [0.35, 0.4]: 34298 / 8268
[27, 28]; [0.4, 0.45]: 34605 / 8409
[27, 28]; [0.45, 0.5]: 35092 / 8358
[27, 28]; [0.5, 0.55]: 33882 / 8093
[27, 28]; [0.55, 0.6]: 24896 / 6007
[27, 28]; [0.6, 0.65]: 8032 / 1876
[27, 28]; [0.65, 0.7]: 204 / 61
[27, 28]; [0.7, 0.75]: 0 / 0
[27, 28]; [0.75, 0.8]: 0 / 0
[27, 28]; [0.8, 0.85]: 0 / 0
[27, 28]; [0.85, 0.9]: 0 / 0
[27, 28]; [0.9, 0.95]: 0 / 0
[27, 28]; [0.95, 1]: 0 / 0

[28, 29]; [-1, -0.95]: 0 / 0
[28, 29]; [-0.95, -0.9]: 0 / 0
[28, 29]; [-0.9, -0.85]: 0 / 0
[28, 29]; [-0.85, -0.8]: 0 / 0
[28, 29]; [-0.8, -0.75]: 0 / 0
[28, 29]; [-0.75, -0.7]: 0 / 0
[28, 29]; [-0.7, -0.65]: 769 / 186
[28, 29]; [-0.65, -0.6]: 10433 / 2517
[28, 29]; [-0.6, -0.55]: 23680 / 5614
[28, 29]; [-0.55, -0.5]: 28561 / 6837
[28, 29]; [-0.5, -0.45]: 28723 / 7036
[28, 29]; [-0.45, -0.4]: 28276 / 7023
[28, 29]; [-0.4, -0.35]: 28330 / 6896
[28, 29]; [-0.35, -0.3]: 27911 / 6720
[28, 29]; [-0.3, -0.25]: 27574 / 6769
[28, 29]; [-0.25, -0.2]: 27712 / 6823
[28, 29]; [-0.2, -0.15]: 27922 / 6767
[28, 29]; [-0.15, -0.1]: 27565 / 6913
[28, 29]; [-0.1, -0.05]: 27617 / 6943
[28, 29]; [-0.05, 0]: 27658 / 6886
[28, 29]; [0, 0.05]: 27487 / 6919
[28, 29]; [0.05, 0.1]: 27949 / 6796
[28, 29]; [0.1, 0.15]: 27514 / 6950
[28, 29]; [0.15, 0.2]: 27611 / 6942
[28, 29]; [0.2, 0.25]: 27612 / 6928
[28, 29]; [0.25, 0.3]: 28066 / 6957
[28, 29]; [0.3, 0.35]: 28190 / 6845
[28, 29]; [0.35, 0.4]: 28247 / 6993
[28, 29]; [0.4, 0.45]: 28465 / 7065
[28, 29]; [0.45, 0.5]: 28654 / 7096
[28, 29]; [0.5, 0.55]: 28972 / 7018
[28, 29]; [0.55, 0.6]: 23665 / 5575
[28, 29]; [0.6, 0.65]: 10144 / 2438
[28, 29]; [0.65, 0.7]: 735 / 183
[28, 29]; [0.7, 0.75]: 0 / 0
[28, 29]; [0.75, 0.8]: 0 / 0
[28, 29]; [0.8, 0.85]: 0 / 0
[28, 29]; [0.85, 0.9]: 0 / 0
[28, 29]; [0.9, 0.95]: 0 / 0
[28, 29]; [0.95, 1]: 0 / 0

[29, 30]; [-1, -0.95]: 0 / 0
[29, 30]; [-0.95, -0.9]: 0 / 0
[29, 30]; [-0.9, -0.85]: 0 / 0
[29, 30]; [-0.85, -0.8]: 0 / 0
[29, 30]; [-0.8, -0.75]: 0 / 0
[29, 30]; [-0.75, -0.7]: 0 / 0
[29, 30]; [-0.7, -0.65]: 1466 / 396
[29, 30]; [-0.65, -0.6]: 11903 / 2826
[29, 30]; [-0.6, -0.55]: 21583 / 5335
[29, 30]; [-0.55, -0.5]: 24304 / 5941
[29, 30]; [-0.5, -0.45]: 24006 / 6054
[29, 30]; [-0.45, -0.4]: 23636 / 5849
[29, 30]; [-0.4, -0.35]: 23194 / 5843
[29, 30]; [-0.35, -0.3]: 23224 / 5799
[29, 30]; [-0.3, -0.25]: 23097 / 5689
[29, 30]; [-0.25, -0.2]: 22915 / 5787
[29, 30]; [-0.2, -0.15]: 23082 / 5776
[29, 30]; [-0.15, -0.1]: 22774 / 5661
[29, 30]; [-0.1, -0.05]: 22884 / 5810
[29, 30]; [-0.05, 0]: 22882 / 5894
[29, 30]; [0, 0.05]: 23021 / 5692
[29, 30]; [0.05, 0.1]: 22948 / 5835
[29, 30]; [0.1, 0.15]: 22883 / 5937
[29, 30]; [0.15, 0.2]: 22919 / 5788
[29, 30]; [0.2, 0.25]: 23405 / 5749
[29, 30]; [0.25, 0.3]: 23110 / 5811
[29, 30]; [0.3, 0.35]: 23012 / 5802
[29, 30]; [0.35, 0.4]: 23319 / 5822
[29, 30]; [0.4, 0.45]: 23603 / 5775
[29, 30]; [0.45, 0.5]: 24264 / 5961
[29, 30]; [0.5, 0.55]: 24025 / 6027
[29, 30]; [0.55, 0.6]: 22017 / 5376
[29, 30]; [0.6, 0.65]: 11975 / 2820
[29, 30]; [0.65, 0.7]: 1505 / 374
[29, 30]; [0.7, 0.75]: 0 / 0
[29, 30]; [0.75, 0.8]: 0 / 0
[29, 30]; [0.8, 0.85]: 0 / 0
[29, 30]; [0.85, 0.9]: 0 / 0
[29, 30]; [0.9, 0.95]: 0 / 0
[29, 30]; [0.95, 1]: 0 / 0

[30, 31]; [-1, -0.95]: 0 / 0
[30, 31]; [-0.95, -0.9]: 0 / 0
[30, 31]; [-0.9, -0.85]: 0 / 0
[30, 31]; [-0.85, -0.8]: 0 / 0
[30, 31]; [-0.8, -0.75]: 0 / 0
[30, 31]; [-0.75, -0.7]: 0 / 0
[30, 31]; [-0.7, -0.65]: 2502 / 539
[30, 31]; [-0.65, -0.6]: 12671 / 2957
[30, 31]; [-0.6, -0.55]: 19416 / 4792
[30, 31]; [-0.55, -0.5]: 20292 / 5086
[30, 31]; [-0.5, -0.45]: 20184 / 5001
[30, 31]; [-0.45, -0.4]: 19836 / 4949
[30, 31]; [-0.4, -0.35]: 19456 / 4805
[30, 31]; [-0.35, -0.3]: 19512 / 4870
[30, 31]; [-0.3, -0.25]: 19249 / 4860
[30, 31]; [-0.25, -0.2]: 19294 / 4742
[30, 31]; [-0.2, -0.15]: 19297 / 5024
[30, 31]; [-0.15, -0.1]: 18979 / 4822
[30, 31]; [-0.1, -0.05]: 19113 / 4944
[30, 31]; [-0.05, 0]: 19347 / 4760
[30, 31]; [0, 0.05]: 18926 / 4853
[30, 31]; [0.05, 0.1]: 18933 / 4748
[30, 31]; [0.1, 0.15]: 19239 / 4903
[30, 31]; [0.15, 0.2]: 19203 / 4951
[30, 31]; [0.2, 0.25]: 19317 / 4768
[30, 31]; [0.25, 0.3]: 19699 / 4985
[30, 31]; [0.3, 0.35]: 19602 / 4862
[30, 31]; [0.35, 0.4]: 19626 / 4892
[30, 31]; [0.4, 0.45]: 19637 / 4950
[30, 31]; [0.45, 0.5]: 19961 / 5051
[30, 31]; [0.5, 0.55]: 20216 / 5059
[30, 31]; [0.55, 0.6]: 19622 / 4715
[30, 31]; [0.6, 0.65]: 12818 / 3147
[30, 31]; [0.65, 0.7]: 2402 / 605
[30, 31]; [0.7, 0.75]: 0 / 0
[30, 31]; [0.75, 0.8]: 0 / 0
[30, 31]; [0.8, 0.85]: 0 / 0
[30, 31]; [0.85, 0.9]: 0 / 0
[30, 31]; [0.9, 0.95]: 0 / 0
[30, 31]; [0.95, 1]: 0 / 0

[31, 32]; [-1, -0.95]: 0 / 0
[31, 32]; [-0.95, -0.9]: 0 / 0
[31, 32]; [-0.9, -0.85]: 0 / 0
[31, 32]; [-0.85, -0.8]: 0 / 0
[31, 32]; [-0.8, -0.75]: 0 / 0
[31, 32]; [-0.75, -0.7]: 7 / 2
[31, 32]; [-0.7, -0.65]: 3363 / 853
[31, 32]; [-0.65, -0.6]: 12810 / 2990
[31, 32]; [-0.6, -0.55]: 16930 / 4154
[31, 32]; [-0.55, -0.5]: 16962 / 4165
[31, 32]; [-0.5, -0.45]: 16759 / 4161
[31, 32]; [-0.45, -0.4]: 16421 / 4274
[31, 32]; [-0.4, -0.35]: 16415 / 4091
[31, 32]; [-0.35, -0.3]: 16367 / 4017
[31, 32]; [-0.3, -0.25]: 16137 / 4181
[31, 32]; [-0.25, -0.2]: 16036 / 4112
[31, 32]; [-0.2, -0.15]: 16197 / 4098
[31, 32]; [-0.15, -0.1]: 15984 / 4270
[31, 32]; [-0.1, -0.05]: 16039 / 4282
[31, 32]; [-0.05, 0]: 15922 / 4011
[31, 32]; [0, 0.05]: 16057 / 4150
[31, 32]; [0.05, 0.1]: 16069 / 4141
[31, 32]; [0.1, 0.15]: 16138 / 4136
[31, 32]; [0.15, 0.2]: 16180 / 4131
[31, 32]; [0.2, 0.25]: 15997 / 4063
[31, 32]; [0.25, 0.3]: 16441 / 4156
[31, 32]; [0.3, 0.35]: 16403 / 4068
[31, 32]; [0.35, 0.4]: 16234 / 4009
[31, 32]; [0.4, 0.45]: 16549 / 4220
[31, 32]; [0.45, 0.5]: 16772 / 4234
[31, 32]; [0.5, 0.55]: 17056 / 4259
[31, 32]; [0.55, 0.6]: 17058 / 4108
[31, 32]; [0.6, 0.65]: 12972 / 3177
[31, 32]; [0.65, 0.7]: 3519 / 877
[31, 32]; [0.7, 0.75]: 14 / 2
[31, 32]; [0.75, 0.8]: 0 / 0
[31, 32]; [0.8, 0.85]: 0 / 0
[31, 32]; [0.85, 0.9]: 0 / 0
[31, 32]; [0.9, 0.95]: 0 / 0
[31, 32]; [0.95, 1]: 0 / 0

[32, 33]; [-1, -0.95]: 0 / 0
[32, 33]; [-0.95, -0.9]: 0 / 0
[32, 33]; [-0.9, -0.85]: 0 / 0
[32, 33]; [-0.85, -0.8]: 0 / 0
[32, 33]; [-0.8, -0.75]: 0 / 0
[32, 33]; [-0.75, -0.7]: 110 / 23
[32, 33]; [-0.7, -0.65]: 4583 / 1021
[32, 33]; [-0.65, -0.6]: 12226 / 2914
[32, 33]; [-0.6, -0.55]: 14476 / 3478
[32, 33]; [-0.55, -0.5]: 14434 / 3460
[32, 33]; [-0.5, -0.45]: 14021 / 3524
[32, 33]; [-0.45, -0.4]: 14277 / 3543
[32, 33]; [-0.4, -0.35]: 13914 / 3488
[32, 33]; [-0.35, -0.3]: 13881 / 3606
[32, 33]; [-0.3, -0.25]: 13777 / 3600
[32, 33]; [-0.25, -0.2]: 13540 / 3423
[32, 33]; [-0.2, -0.15]: 13687 / 3516
[32, 33]; [-0.15, -0.1]: 13754 / 3606
[32, 33]; [-0.1, -0.05]: 13549 / 3427
[32, 33]; [-0.05, 0]: 13634 / 3528
[32, 33]; [0, 0.05]: 13344 / 3399
[32, 33]; [0.05, 0.1]: 13312 / 3559
[32, 33]; [0.1, 0.15]: 13446 / 3530
[32, 33]; [0.15, 0.2]: 13701 / 3381
[32, 33]; [0.2, 0.25]: 13736 / 3446
[32, 33]; [0.25, 0.3]: 13939 / 3468
[32, 33]; [0.3, 0.35]: 13845 / 3478
[32, 33]; [0.35, 0.4]: 13890 / 3536
[32, 33]; [0.4, 0.45]: 13959 / 3521
[32, 33]; [0.45, 0.5]: 14260 / 3558
[32, 33]; [0.5, 0.55]: 14413 / 3512
[32, 33]; [0.55, 0.6]: 14617 / 3631
[32, 33]; [0.6, 0.65]: 12304 / 2984
[32, 33]; [0.65, 0.7]: 4454 / 1080
[32, 33]; [0.7, 0.75]: 97 / 22
[32, 33]; [0.75, 0.8]: 0 / 0
[32, 33]; [0.8, 0.85]: 0 / 0
[32, 33]; [0.85, 0.9]: 0 / 0
[32, 33]; [0.9, 0.95]: 0 / 0
[32, 33]; [0.95, 1]: 0 / 0

[33, 34]; [-1, -0.95]: 0 / 0
[33, 34]; [-0.95, -0.9]: 0 / 0
[33, 34]; [-0.9, -0.85]: 0 / 0
[33, 34]; [-0.85, -0.8]: 0 / 0
[33, 34]; [-0.8, -0.75]: 0 / 0
[33, 34]; [-0.75, -0.7]: 243 / 65
[33, 34]; [-0.7, -0.65]: 5325 / 1223
[33, 34]; [-0.65, -0.6]: 11387 / 2739
[33, 34]; [-0.6, -0.55]: 12337 / 2982
[33, 34]; [-0.55, -0.5]: 12219 / 2996
[33, 34]; [-0.5, -0.45]: 12036 / 3022
[33, 34]; [-0.45, -0.4]: 11942 / 2905
[33, 34]; [-0.4, -0.35]: 11915 / 2980
[33, 34]; [-0.35, -0.3]: 11696 / 2867
[33, 34]; [-0.3, -0.25]: 11506 / 2809
[33, 34]; [-0.25, -0.2]: 11597 / 2927
[33, 34]; [-0.2, -0.15]: 11560 / 2832
[33, 34]; [-0.15, -0.1]: 11527 / 2927
[33, 34]; [-0.1, -0.05]: 11542 / 3022
[33, 34]; [-0.05, 0]: 11651 / 2988
[33, 34]; [0, 0.05]: 11538 / 2943
[33, 34]; [0.05, 0.1]: 11451 / 2930
[33, 34]; [0.1, 0.15]: 11529 / 2908
[33, 34]; [0.15, 0.2]: 11603 / 2892
[33, 34]; [0.2, 0.25]: 11655 / 2981
[33, 34]; [0.25, 0.3]: 11651 / 2953
[33, 34]; [0.3, 0.35]: 11752 / 2895
[33, 34]; [0.35, 0.4]: 11909 / 3016
[33, 34]; [0.4, 0.45]: 11942 / 3024
[33, 34]; [0.45, 0.5]: 11973 / 2981
[33, 34]; [0.5, 0.55]: 12328 / 2949
[33, 34]; [0.55, 0.6]: 12186 / 3080
[33, 34]; [0.6, 0.65]: 11430 / 2767
[33, 34]; [0.65, 0.7]: 5339 / 1254
[33, 34]; [0.7, 0.75]: 285 / 65
[33, 34]; [0.75, 0.8]: 0 / 0
[33, 34]; [0.8, 0.85]: 0 / 0
[33, 34]; [0.85, 0.9]: 0 / 0
[33, 34]; [0.9, 0.95]: 0 / 0
[33, 34]; [0.95, 1]: 0 / 0

[34, 35]; [-1, -0.95]: 0 / 0
[34, 35]; [-0.95, -0.9]: 0 / 0
[34, 35]; [-0.9, -0.85]: 0 / 0
[34, 35]; [-0.85, -0.8]: 0 / 0
[34, 35]; [-0.8, -0.75]: 0 / 0
[34, 35]; [-0.75, -0.7]: 507 / 133
[34, 35]; [-0.7, -0.65]: 5884 / 1415
[34, 35]; [-0.65, -0.6]: 10317 / 2444
[34, 35]; [-0.6, -0.55]: 10655 / 2652
[34, 35]; [-0.55, -0.5]: 10297 / 2613
[34, 35]; [-0.5, -0.45]: 10207 / 2616
[34, 35]; [-0.45, -0.4]: 10116 / 2515
[34, 35]; [-0.4, -0.35]: 10054 / 2516
[34, 35]; [-0.35, -0.3]: 9997 / 2535
[34, 35]; [-0.3, -0.25]: 10004 / 2502
[34, 35]; [-0.25, -0.2]: 9782 / 2592
[34, 35]; [-0.2, -0.15]: 9856 / 2540
[34, 35]; [-0.15, -0.1]: 9860 / 2539
[34, 35]; [-0.1, -0.05]: 9833 / 2555
[34, 35]; [-0.05, 0]: 9859 / 2495
[34, 35]; [0, 0.05]: 9739 / 2409
[34, 35]; [0.05, 0.1]: 9835 / 2461
[34, 35]; [0.1, 0.15]: 9838 / 2479
[34, 35]; [0.15, 0.2]: 9772 / 2510
[34, 35]; [0.2, 0.25]: 9924 / 2548
[34, 35]; [0.25, 0.3]: 9907 / 2462
[34, 35]; [0.3, 0.35]: 10167 / 2573
[34, 35]; [0.35, 0.4]: 10167 / 2612
[34, 35]; [0.4, 0.45]: 10136 / 2597
[34, 35]; [0.45, 0.5]: 10224 / 2561
[34, 35]; [0.5, 0.55]: 10553 / 2557
[34, 35]; [0.55, 0.6]: 10454 / 2675
[34, 35]; [0.6, 0.65]: 10135 / 2543
[34, 35]; [0.65, 0.7]: 5766 / 1415
[34, 35]; [0.7, 0.75]: 532 / 118
[34, 35]; [0.75, 0.8]: 0 / 0
[34, 35]; [0.8, 0.85]: 0 / 0
[34, 35]; [0.85, 0.9]: 0 / 0
[34, 35]; [0.9, 0.95]: 0 / 0
[34, 35]; [0.95, 1]: 0 / 0

[35, 36]; [-1, -0.95]: 0 / 0
[35, 36]; [-0.95, -0.9]: 0 / 0
[35, 36]; [-0.9, -0.85]: 0 / 0
[35, 36]; [-0.85, -0.8]: 0 / 0
[35, 36]; [-0.8, -0.75]: 0 / 0
[35, 36]; [-0.75, -0.7]: 814 / 176
[35, 36]; [-0.7, -0.65]: 6069 / 1433
[35, 36]; [-0.65, -0.6]: 9159 / 2196
[35, 36]; [-0.6, -0.55]: 9116 / 2212
[35, 36]; [-0.55, -0.5]: 9005 / 2254
[35, 36]; [-0.5, -0.45]: 8899 / 2158
[35, 36]; [-0.45, -0.4]: 8862 / 2173
[35, 36]; [-0.4, -0.35]: 8747 / 2106
[35, 36]; [-0.35, -0.3]: 8727 / 2077
[35, 36]; [-0.3, -0.25]: 8584 / 2143
[35, 36]; [-0.25, -0.2]: 8584 / 2197
[35, 36]; [-0.2, -0.15]: 8635 / 2135
[35, 36]; [-0.15, -0.1]: 8461 / 2147
[35, 36]; [-0.1, -0.05]: 8261 / 2133
[35, 36]; [-0.05, 0]: 8492 / 2181
[35, 36]; [0, 0.05]: 8423 / 2177
[35, 36]; [0.05, 0.1]: 8427 / 2134
[35, 36]; [0.1, 0.15]: 8297 / 2097
[35, 36]; [0.15, 0.2]: 8349 / 2207
[35, 36]; [0.2, 0.25]: 8433 / 2171
[35, 36]; [0.25, 0.3]: 8433 / 2203
[35, 36]; [0.3, 0.35]: 8603 / 2239
[35, 36]; [0.35, 0.4]: 8803 / 2130
[35, 36]; [0.4, 0.45]: 8829 / 2171
[35, 36]; [0.45, 0.5]: 8759 / 2221
[35, 36]; [0.5, 0.55]: 8932 / 2259
[35, 36]; [0.55, 0.6]: 9175 / 2213
[35, 36]; [0.6, 0.65]: 8840 / 2148
[35, 36]; [0.65, 0.7]: 5991 / 1446
[35, 36]; [0.7, 0.75]: 759 / 229
[35, 36]; [0.75, 0.8]: 0 / 0
[35, 36]; [0.8, 0.85]: 0 / 0
[35, 36]; [0.85, 0.9]: 0 / 0
[35, 36]; [0.9, 0.95]: 0 / 0
[35, 36]; [0.95, 1]: 0 / 0

[36, 37]; [-1, -0.95]: 0 / 0
[36, 37]; [-0.95, -0.9]: 0 / 0
[36, 37]; [-0.9, -0.85]: 0 / 0
[36, 37]; [-0.85, -0.8]: 0 / 0
[36, 37]; [-0.8, -0.75]: 0 / 0
[36, 37]; [-0.75, -0.7]: 1063 / 250
[36, 37]; [-0.7, -0.65]: 5970 / 1358
[36, 37]; [-0.65, -0.6]: 7933 / 1877
[36, 37]; [-0.6, -0.55]: 7673 / 2016
[36, 37]; [-0.55, -0.5]: 7646 / 1953
[36, 37]; [-0.5, -0.45]: 7433 / 1866
[36, 37]; [-0.45, -0.4]: 7398 / 1843
[36, 37]; [-0.4, -0.35]: 7312 / 1833
[36, 37]; [-0.35, -0.3]: 7341 / 1869
[36, 37]; [-0.3, -0.25]: 7506 / 1851
[36, 37]; [-0.25, -0.2]: 7284 / 1787
[36, 37]; [-0.2, -0.15]: 7272 / 1852
[36, 37]; [-0.15, -0.1]: 7313 / 1847
[36, 37]; [-0.1, -0.05]: 7258 / 1843
[36, 37]; [-0.05, 0]: 7364 / 1792
[36, 37]; [0, 0.05]: 7060 / 1918
[36, 37]; [0.05, 0.1]: 7171 / 1852
[36, 37]; [0.1, 0.15]: 7133 / 1870
[36, 37]; [0.15, 0.2]: 7235 / 1780
[36, 37]; [0.2, 0.25]: 7314 / 1804
[36, 37]; [0.25, 0.3]: 7235 / 1872
[36, 37]; [0.3, 0.35]: 7240 / 1875
[36, 37]; [0.35, 0.4]: 7416 / 1865
[36, 37]; [0.4, 0.45]: 7666 / 1858
[36, 37]; [0.45, 0.5]: 7642 / 1828
[36, 37]; [0.5, 0.55]: 7696 / 1876
[36, 37]; [0.55, 0.6]: 7814 / 1862
[36, 37]; [0.6, 0.65]: 7875 / 1922
[36, 37]; [0.65, 0.7]: 6179 / 1460
[36, 37]; [0.7, 0.75]: 1156 / 253
[36, 37]; [0.75, 0.8]: 0 / 0
[36, 37]; [0.8, 0.85]: 0 / 0
[36, 37]; [0.85, 0.9]: 0 / 0
[36, 37]; [0.9, 0.95]: 0 / 0
[36, 37]; [0.95, 1]: 0 / 0

[37, 38]; [-1, -0.95]: 0 / 0
[37, 38]; [-0.95, -0.9]: 0 / 0
[37, 38]; [-0.9, -0.85]: 0 / 0
[37, 38]; [-0.85, -0.8]: 0 / 0
[37, 38]; [-0.8, -0.75]: 0 / 0
[37, 38]; [-0.75, -0.7]: 1540 / 378
[37, 38]; [-0.7, -0.65]: 5790 / 1448
[37, 38]; [-0.65, -0.6]: 6928 / 1664
[37, 38]; [-0.6, -0.55]: 6776 / 1692
[37, 38]; [-0.55, -0.5]: 6585 / 1590
[37, 38]; [-0.5, -0.45]: 6464 / 1674
[37, 38]; [-0.45, -0.4]: 6459 / 1610
[37, 38]; [-0.4, -0.35]: 6382 / 1564
[37, 38]; [-0.35, -0.3]: 6321 / 1659
[37, 38]; [-0.3, -0.25]: 6277 / 1553
[37, 38]; [-0.25, -0.2]: 6361 / 1675
[37, 38]; [-0.2, -0.15]: 6272 / 1638
[37, 38]; [-0.15, -0.1]: 6236 / 1529
[37, 38]; [-0.1, -0.05]: 6183 / 1570
[37, 38]; [-0.05, 0]: 6061 / 1559
[37, 38]; [0, 0.05]: 6175 / 1539
[37, 38]; [0.05, 0.1]: 6138 / 1568
[37, 38]; [0.1, 0.15]: 6195 / 1575
[37, 38]; [0.15, 0.2]: 6182 / 1591
[37, 38]; [0.2, 0.25]: 6242 / 1641
[37, 38]; [0.25, 0.3]: 6269 / 1526
[37, 38]; [0.3, 0.35]: 6480 / 1592
[37, 38]; [0.35, 0.4]: 6551 / 1677
[37, 38]; [0.4, 0.45]: 6463 / 1655
[37, 38]; [0.45, 0.5]: 6618 / 1610
[37, 38]; [0.5, 0.55]: 6663 / 1738
[37, 38]; [0.55, 0.6]: 6635 / 1637
[37, 38]; [0.6, 0.65]: 6895 / 1641
[37, 38]; [0.65, 0.7]: 5859 / 1430
[37, 38]; [0.7, 0.75]: 1572 / 374
[37, 38]; [0.75, 0.8]: 0 / 0
[37, 38]; [0.8, 0.85]: 0 / 0
[37, 38]; [0.85, 0.9]: 0 / 0
[37, 38]; [0.9, 0.95]: 0 / 0
[37, 38]; [0.95, 1]: 0 / 0

[38, 39]; [-1, -0.95]: 0 / 0
[38, 39]; [-0.95, -0.9]: 0 / 0
[38, 39]; [-0.9, -0.85]: 0 / 0
[38, 39]; [-0.85, -0.8]: 0 / 0
[38, 39]; [-0.8, -0.75]: 3 / 1
[38, 39]; [-0.75, -0.7]: 1914 / 426
[38, 39]; [-0.7, -0.65]: 5294 / 1269
[38, 39]; [-0.65, -0.6]: 5880 / 1400
[38, 39]; [-0.6, -0.55]: 5745 / 1432
[38, 39]; [-0.55, -0.5]: 5702 / 1388
[38, 39]; [-0.5, -0.45]: 5695 / 1418
[38, 39]; [-0.45, -0.4]: 5598 / 1387
[38, 39]; [-0.4, -0.35]: 5614 / 1381
[38, 39]; [-0.35, -0.3]: 5621 / 1385
[38, 39]; [-0.3, -0.25]: 5514 / 1377
[38, 39]; [-0.25, -0.2]: 5539 / 1423
[38, 39]; [-0.2, -0.15]: 5409 / 1397
[38, 39]; [-0.15, -0.1]: 5364 / 1355
[38, 39]; [-0.1, -0.05]: 5357 / 1360
[38, 39]; [-0.05, 0]: 5394 / 1287
[38, 39]; [0, 0.05]: 5427 / 1382
[38, 39]; [0.05, 0.1]: 5359 / 1404
[38, 39]; [0.1, 0.15]: 5510 / 1338
[38, 39]; [0.15, 0.2]: 5559 / 1335
[38, 39]; [0.2, 0.25]: 5492 / 1441
[38, 39]; [0.25, 0.3]: 5546 / 1348
[38, 39]; [0.3, 0.35]: 5507 / 1429
[38, 39]; [0.35, 0.4]: 5607 / 1346
[38, 39]; [0.4, 0.45]: 5695 / 1445
[38, 39]; [0.45, 0.5]: 5780 / 1431
[38, 39]; [0.5, 0.55]: 5864 / 1383
[38, 39]; [0.55, 0.6]: 5806 / 1404
[38, 39]; [0.6, 0.65]: 6042 / 1521
[38, 39]; [0.65, 0.7]: 5370 / 1316
[38, 39]; [0.7, 0.75]: 1880 / 463
[38, 39]; [0.75, 0.8]: 3 / 0
[38, 39]; [0.8, 0.85]: 0 / 0
[38, 39]; [0.85, 0.9]: 0 / 0
[38, 39]; [0.9, 0.95]: 0 / 0
[38, 39]; [0.95, 1]: 0 / 0

[39, 40]; [-1, -0.95]: 0 / 0
[39, 40]; [-0.95, -0.9]: 0 / 0
[39, 40]; [-0.9, -0.85]: 0 / 0
[39, 40]; [-0.85, -0.8]: 0 / 0
[39, 40]; [-0.8, -0.75]: 34 / 2
[39, 40]; [-0.75, -0.7]: 2153 / 524
[39, 40]; [-0.7, -0.65]: 5036 / 1142
[39, 40]; [-0.65, -0.6]: 5249 / 1169
[39, 40]; [-0.6, -0.55]: 5106 / 1231
[39, 40]; [-0.55, -0.5]: 5039 / 1278
[39, 40]; [-0.5, -0.45]: 4808 / 1231
[39, 40]; [-0.45, -0.4]: 4701 / 1236
[39, 40]; [-0.4, -0.35]: 4919 / 1283
[39, 40]; [-0.35, -0.3]: 4749 / 1210
[39, 40]; [-0.3, -0.25]: 4748 / 1259
[39, 40]; [-0.25, -0.2]: 4782 / 1223
[39, 40]; [-0.2, -0.15]: 4827 / 1158
[39, 40]; [-0.15, -0.1]: 4665 / 1161
[39, 40]; [-0.1, -0.05]: 4538 / 1197
[39, 40]; [-0.05, 0]: 4675 / 1227
[39, 40]; [0, 0.05]: 4767 / 1154
[39, 40]; [0.05, 0.1]: 4755 / 1163
[39, 40]; [0.1, 0.15]: 4689 / 1203
[39, 40]; [0.15, 0.2]: 4628 / 1200
[39, 40]; [0.2, 0.25]: 4774 / 1259
[39, 40]; [0.25, 0.3]: 4854 / 1211
[39, 40]; [0.3, 0.35]: 4848 / 1252
[39, 40]; [0.35, 0.4]: 4850 / 1203
[39, 40]; [0.4, 0.45]: 4855 / 1160
[39, 40]; [0.45, 0.5]: 4905 / 1219
[39, 40]; [0.5, 0.55]: 4936 / 1240
[39, 40]; [0.55, 0.6]: 5176 / 1245
[39, 40]; [0.6, 0.65]: 5248 / 1365
[39, 40]; [0.65, 0.7]: 4909 / 1213
[39, 40]; [0.7, 0.75]: 2230 / 529
[39, 40]; [0.75, 0.8]: 27 / 6
[39, 40]; [0.8, 0.85]: 0 / 0
[39, 40]; [0.85, 0.9]: 0 / 0
[39, 40]; [0.9, 0.95]: 0 / 0
[39, 40]; [0.95, 1]: 0 / 0

[40, 42]; [-1, -0.95]: 0 / 0
[40, 42]; [-0.95, -0.9]: 0 / 0
[40, 42]; [-0.9, -0.85]: 0 / 0
[40, 42]; [-0.85, -0.8]: 0 / 0
[40, 42]; [-0.8, -0.75]: 196 / 40
[40, 42]; [-0.75, -0.7]: 4865 / 1145
[40, 42]; [-0.7, -0.65]: 8572 / 2078
[40, 42]; [-0.65, -0.6]: 8443 / 2075
[40, 42]; [-0.6, -0.55]: 8391 / 1954
[40, 42]; [-0.55, -0.5]: 8243 / 2043
[40, 42]; [-0.5, -0.45]: 7881 / 2059
[40, 42]; [-0.45, -0.4]: 8035 / 2012
[40, 42]; [-0.4, -0.35]: 7954 / 1991
[40, 42]; [-0.35, -0.3]: 7955 / 1971
[40, 42]; [-0.3, -0.25]: 7773 / 1962
[40, 42]; [-0.25, -0.2]: 7682 / 1938
[40, 42]; [-0.2, -0.15]: 7815 / 1898
[40, 42]; [-0.15, -0.1]: 7690 / 2003
[40, 42]; [-0.1, -0.05]: 7697 / 1943
[40, 42]; [-0.05, 0]: 7730 / 1962
[40, 42]; [0, 0.05]: 7558 / 1862
[40, 42]; [0.05, 0.1]: 7559 / 1887
[40, 42]; [0.1, 0.15]: 7567 / 1959
[40, 42]; [0.15, 0.2]: 7629 / 2035
[40, 42]; [0.2, 0.25]: 7761 / 1986
[40, 42]; [0.25, 0.3]: 7838 / 1879
[40, 42]; [0.3, 0.35]: 7811 / 2022
[40, 42]; [0.35, 0.4]: 8019 / 1962
[40, 42]; [0.4, 0.45]: 8079 / 1977
[40, 42]; [0.45, 0.5]: 8177 / 2000
[40, 42]; [0.5, 0.55]: 8185 / 2035
[40, 42]; [0.55, 0.6]: 8356 / 2012
[40, 42]; [0.6, 0.65]: 8549 / 2030
[40, 42]; [0.65, 0.7]: 8499 / 2038
[40, 42]; [0.7, 0.75]: 4933 / 1159
[40, 42]; [0.75, 0.8]: 205 / 52
[40, 42]; [0.8, 0.85]: 0 / 0
[40, 42]; [0.85, 0.9]: 0 / 0
[40, 42]; [0.9, 0.95]: 0 / 0
[40, 42]; [0.95, 1]: 0 / 0

[42, 44]; [-1, -0.95]: 0 / 0
[42, 44]; [-0.95, -0.9]: 0 / 0
[42, 44]; [-0.9, -0.85]: 0 / 0
[42, 44]; [-0.85, -0.8]: 0 / 0
[42, 44]; [-0.8, -0.75]: 533 / 117
[42, 44]; [-0.75, -0.7]: 4977 / 1177
[42, 44]; [-0.7, -0.65]: 6706 / 1624
[42, 44]; [-0.65, -0.6]: 6647 / 1533
[42, 44]; [-0.6, -0.55]: 6399 / 1523
[42, 44]; [-0.55, -0.5]: 6352 / 1490
[42, 44]; [-0.5, -0.45]: 6273 / 1514
[42, 44]; [-0.45, -0.4]: 6175 / 1556
[42, 44]; [-0.4, -0.35]: 6105 / 1513
[42, 44]; [-0.35, -0.3]: 6164 / 1499
[42, 44]; [-0.3, -0.25]: 5982 / 1547
[42, 44]; [-0.25, -0.2]: 5906 / 1509
[42, 44]; [-0.2, -0.15]: 5869 / 1491
[42, 44]; [-0.15, -0.1]: 5765 / 1445
[42, 44]; [-0.1, -0.05]: 5797 / 1471
[42, 44]; [-0.05, 0]: 5884 / 1487
[42, 44]; [0, 0.05]: 5895 / 1471
[42, 44]; [0.05, 0.1]: 5927 / 1412
[42, 44]; [0.1, 0.15]: 5819 / 1483
[42, 44]; [0.15, 0.2]: 6021 / 1527
[42, 44]; [0.2, 0.25]: 5973 / 1518
[42, 44]; [0.25, 0.3]: 5914 / 1529
[42, 44]; [0.3, 0.35]: 6077 / 1526
[42, 44]; [0.35, 0.4]: 6115 / 1454
[42, 44]; [0.4, 0.45]: 6164 / 1457
[42, 44]; [0.45, 0.5]: 6285 / 1616
[42, 44]; [0.5, 0.55]: 6399 / 1499
[42, 44]; [0.55, 0.6]: 6423 / 1583
[42, 44]; [0.6, 0.65]: 6620 / 1603
[42, 44]; [0.65, 0.7]: 6585 / 1620
[42, 44]; [0.7, 0.75]: 5054 / 1127
[42, 44]; [0.75, 0.8]: 540 / 122
[42, 44]; [0.8, 0.85]: 0 / 0
[42, 44]; [0.85, 0.9]: 0 / 0
[42, 44]; [0.9, 0.95]: 0 / 0
[42, 44]; [0.95, 1]: 0 / 0

[44, 46]; [-1, -0.95]: 0 / 0
[44, 46]; [-0.95, -0.9]: 0 / 0
[44, 46]; [-0.9, -0.85]: 0 / 0
[44, 46]; [-0.85, -0.8]: 0 / 0
[44, 46]; [-0.8, -0.75]: 912 / 220
[44, 46]; [-0.75, -0.7]: 4647 / 1111
[44, 46]; [-0.7, -0.65]: 5255 / 1218
[44, 46]; [-0.65, -0.6]: 5057 / 1204
[44, 46]; [-0.6, -0.55]: 4994 / 1161
[44, 46]; [-0.55, -0.5]: 4805 / 1170
[44, 46]; [-0.5, -0.45]: 4729 / 1140
[44, 46]; [-0.45, -0.4]: 4779 / 1162
[44, 46]; [-0.4, -0.35]: 4733 / 1182
[44, 46]; [-0.35, -0.3]: 4586 / 1176
[44, 46]; [-0.3, -0.25]: 4719 / 1100
[44, 46]; [-0.25, -0.2]: 4684 / 1099
[44, 46]; [-0.2, -0.15]: 4435 / 1126
[44, 46]; [-0.15, -0.1]: 4600 / 1180
[44, 46]; [-0.1, -0.05]: 4585 / 1188
[44, 46]; [-0.05, 0]: 4540 / 1134
[44, 46]; [0, 0.05]: 4405 / 1130
[44, 46]; [0.05, 0.1]: 4501 / 1090
[44, 46]; [0.1, 0.15]: 4690 / 1148
[44, 46]; [0.15, 0.2]: 4635 / 1191
[44, 46]; [0.2, 0.25]: 4468 / 1135
[44, 46]; [0.25, 0.3]: 4588 / 1192
[44, 46]; [0.3, 0.35]: 4781 / 1192
[44, 46]; [0.35, 0.4]: 4721 / 1171
[44, 46]; [0.4, 0.45]: 4905 / 1246
[44, 46]; [0.45, 0.5]: 4835 / 1185
[44, 46]; [0.5, 0.55]: 4981 / 1229
[44, 46]; [0.55, 0.6]: 4930 / 1187
[44, 46]; [0.6, 0.65]: 5335 / 1220
[44, 46]; [0.65, 0.7]: 5271 / 1253
[44, 46]; [0.7, 0.75]: 4760 / 1039
[44, 46]; [0.75, 0.8]: 910 / 226
[44, 46]; [0.8, 0.85]: 0 / 0
[44, 46]; [0.85, 0.9]: 0 / 0
[44, 46]; [0.9, 0.95]: 0 / 0
[44, 46]; [0.95, 1]: 0 / 0

