[pTmin, pTmax]; [cosmin, cosmax]: data entries / mc entries

[25, 26]; [-1, -0.95]: 0 / 0
[25, 26]; [-0.95, -0.9]: 0 / 0
[25, 26]; [-0.9, -0.85]: 0 / 0
[25, 26]; [-0.85, -0.8]: 0 / 0
[25, 26]; [-0.8, -0.75]: 0 / 0
[25, 26]; [-0.75, -0.7]: 0 / 0
[25, 26]; [-0.7, -0.65]: 0 / 0
[25, 26]; [-0.65, -0.6]: 3240 / 798
[25, 26]; [-0.6, -0.55]: 20999 / 4870
[25, 26]; [-0.55, -0.5]: 41392 / 9554
[25, 26]; [-0.5, -0.45]: 50012 / 11498
[25, 26]; [-0.45, -0.4]: 50733 / 11944
[25, 26]; [-0.4, -0.35]: 50396 / 11783
[25, 26]; [-0.35, -0.3]: 50301 / 11722
[25, 26]; [-0.3, -0.25]: 49307 / 11620
[25, 26]; [-0.25, -0.2]: 49725 / 11596
[25, 26]; [-0.2, -0.15]: 49211 / 11756
[25, 26]; [-0.15, -0.1]: 49490 / 11894
[25, 26]; [-0.1, -0.05]: 49403 / 11760
[25, 26]; [-0.05, 0]: 49526 / 11794
[25, 26]; [0, 0.05]: 49307 / 11774
[25, 26]; [0.05, 0.1]: 49700 / 11687
[25, 26]; [0.1, 0.15]: 49434 / 11677
[25, 26]; [0.15, 0.2]: 50188 / 11635
[25, 26]; [0.2, 0.25]: 49671 / 11757
[25, 26]; [0.25, 0.3]: 49925 / 11637
[25, 26]; [0.3, 0.35]: 50268 / 11777
[25, 26]; [0.35, 0.4]: 50646 / 11769
[25, 26]; [0.4, 0.45]: 51108 / 11947
[25, 26]; [0.45, 0.5]: 50535 / 11594
[25, 26]; [0.5, 0.55]: 41375 / 9639
[25, 26]; [0.55, 0.6]: 21236 / 4956
[25, 26]; [0.6, 0.65]: 3356 / 765
[25, 26]; [0.65, 0.7]: 0 / 0
[25, 26]; [0.7, 0.75]: 0 / 0
[25, 26]; [0.75, 0.8]: 0 / 0
[25, 26]; [0.8, 0.85]: 0 / 0
[25, 26]; [0.85, 0.9]: 0 / 0
[25, 26]; [0.9, 0.95]: 0 / 0
[25, 26]; [0.95, 1]: 0 / 0

[26, 27]; [-1, -0.95]: 0 / 0
[26, 27]; [-0.95, -0.9]: 0 / 0
[26, 27]; [-0.9, -0.85]: 0 / 0
[26, 27]; [-0.85, -0.8]: 0 / 0
[26, 27]; [-0.8, -0.75]: 0 / 0
[26, 27]; [-0.75, -0.7]: 0 / 0
[26, 27]; [-0.7, -0.65]: 4 / 2
[26, 27]; [-0.65, -0.6]: 5608 / 1308
[26, 27]; [-0.6, -0.55]: 24134 / 5383
[26, 27]; [-0.55, -0.5]: 38259 / 8896
[26, 27]; [-0.5, -0.45]: 42830 / 9981
[26, 27]; [-0.45, -0.4]: 42054 / 10037
[26, 27]; [-0.4, -0.35]: 41700 / 10058
[26, 27]; [-0.35, -0.3]: 41395 / 9850
[26, 27]; [-0.3, -0.25]: 41208 / 9788
[26, 27]; [-0.25, -0.2]: 41275 / 9816
[26, 27]; [-0.2, -0.15]: 40483 / 9985
[26, 27]; [-0.15, -0.1]: 40865 / 9709
[26, 27]; [-0.1, -0.05]: 40626 / 9932
[26, 27]; [-0.05, 0]: 40505 / 9944
[26, 27]; [0, 0.05]: 40884 / 9895
[26, 27]; [0.05, 0.1]: 41210 / 10070
[26, 27]; [0.1, 0.15]: 40874 / 9775
[26, 27]; [0.15, 0.2]: 41357 / 9803
[26, 27]; [0.2, 0.25]: 40691 / 9790
[26, 27]; [0.25, 0.3]: 41443 / 9878
[26, 27]; [0.3, 0.35]: 41294 / 10098
[26, 27]; [0.35, 0.4]: 41588 / 9762
[26, 27]; [0.4, 0.45]: 42034 / 10125
[26, 27]; [0.45, 0.5]: 42491 / 10109
[26, 27]; [0.5, 0.55]: 38535 / 9072
[26, 27]; [0.55, 0.6]: 24195 / 5662
[26, 27]; [0.6, 0.65]: 5587 / 1288
[26, 27]; [0.65, 0.7]: 9 / 5
[26, 27]; [0.7, 0.75]: 0 / 0
[26, 27]; [0.75, 0.8]: 0 / 0
[26, 27]; [0.8, 0.85]: 0 / 0
[26, 27]; [0.85, 0.9]: 0 / 0
[26, 27]; [0.9, 0.95]: 0 / 0
[26, 27]; [0.95, 1]: 0 / 0

[27, 28]; [-1, -0.95]: 0 / 0
[27, 28]; [-0.95, -0.9]: 0 / 0
[27, 28]; [-0.9, -0.85]: 0 / 0
[27, 28]; [-0.85, -0.8]: 0 / 0
[27, 28]; [-0.8, -0.75]: 0 / 0
[27, 28]; [-0.75, -0.7]: 0 / 0
[27, 28]; [-0.7, -0.65]: 191 / 49
[27, 28]; [-0.65, -0.6]: 7932 / 1855
[27, 28]; [-0.6, -0.55]: 24689 / 5675
[27, 28]; [-0.55, -0.5]: 33561 / 7934
[27, 28]; [-0.5, -0.45]: 34730 / 8234
[27, 28]; [-0.45, -0.4]: 34349 / 8355
[27, 28]; [-0.4, -0.35]: 34304 / 8353
[27, 28]; [-0.35, -0.3]: 33814 / 8399
[27, 28]; [-0.3, -0.25]: 33688 / 8159
[27, 28]; [-0.25, -0.2]: 33639 / 8114
[27, 28]; [-0.2, -0.15]: 33432 / 8220
[27, 28]; [-0.15, -0.1]: 33553 / 8211
[27, 28]; [-0.1, -0.05]: 33343 / 8366
[27, 28]; [-0.05, 0]: 33580 / 8262
[27, 28]; [0, 0.05]: 33518 / 8144
[27, 28]; [0.05, 0.1]: 33568 / 8379
[27, 28]; [0.1, 0.15]: 33370 / 8365
[27, 28]; [0.15, 0.2]: 33423 / 8107
[27, 28]; [0.2, 0.25]: 33770 / 8264
[27, 28]; [0.25, 0.3]: 33595 / 8283
[27, 28]; [0.3, 0.35]: 33996 / 8422
[27, 28]; [0.35, 0.4]: 34298 / 8268
[27, 28]; [0.4, 0.45]: 34605 / 8409
[27, 28]; [0.45, 0.5]: 35092 / 8358
[27, 28]; [0.5, 0.55]: 33882 / 8093
[27, 28]; [0.55, 0.6]: 24896 / 6007
[27, 28]; [0.6, 0.65]: 8032 / 1876
[27, 28]; [0.65, 0.7]: 204 / 61
[27, 28]; [0.7, 0.75]: 0 / 0
[27, 28]; [0.75, 0.8]: 0 / 0
[27, 28]; [0.8, 0.85]: 0 / 0
[27, 28]; [0.85, 0.9]: 0 / 0
[27, 28]; [0.9, 0.95]: 0 / 0
[27, 28]; [0.95, 1]: 0 / 0

[28, 29]; [-1, -0.95]: 0 / 0
[28, 29]; [-0.95, -0.9]: 0 / 0
[28, 29]; [-0.9, -0.85]: 0 / 0
[28, 29]; [-0.85, -0.8]: 0 / 0
[28, 29]; [-0.8, -0.75]: 0 / 0
[28, 29]; [-0.75, -0.7]: 0 / 0
[28, 29]; [-0.7, -0.65]: 769 / 186
[28, 29]; [-0.65, -0.6]: 10433 / 2517
[28, 29]; [-0.6, -0.55]: 23680 / 5614
[28, 29]; [-0.55, -0.5]: 28561 / 6837
[28, 29]; [-0.5, -0.45]: 28723 / 7036
[28, 29]; [-0.45, -0.4]: 28276 / 7023
[28, 29]; [-0.4, -0.35]: 28330 / 6896
[28, 29]; [-0.35, -0.3]: 27911 / 6720
[28, 29]; [-0.3, -0.25]: 27574 / 6769
[28, 29]; [-0.25, -0.2]: 27712 / 6823
[28, 29]; [-0.2, -0.15]: 27922 / 6767
[28, 29]; [-0.15, -0.1]: 27565 / 6913
[28, 29]; [-0.1, -0.05]: 27617 / 6943
[28, 29]; [-0.05, 0]: 27658 / 6886
[28, 29]; [0, 0.05]: 27487 / 6919
[28, 29]; [0.05, 0.1]: 27949 / 6796
[28, 29]; [0.1, 0.15]: 27514 / 6950
[28, 29]; [0.15, 0.2]: 27611 / 6942
[28, 29]; [0.2, 0.25]: 27612 / 6928
[28, 29]; [0.25, 0.3]: 28066 / 6957
[28, 29]; [0.3, 0.35]: 28190 / 6845
[28, 29]; [0.35, 0.4]: 28247 / 6993
[28, 29]; [0.4, 0.45]: 28465 / 7065
[28, 29]; [0.45, 0.5]: 28654 / 7096
[28, 29]; [0.5, 0.55]: 28972 / 7018
[28, 29]; [0.55, 0.6]: 23665 / 5575
[28, 29]; [0.6, 0.65]: 10144 / 2438
[28, 29]; [0.65, 0.7]: 735 / 183
[28, 29]; [0.7, 0.75]: 0 / 0
[28, 29]; [0.75, 0.8]: 0 / 0
[28, 29]; [0.8, 0.85]: 0 / 0
[28, 29]; [0.85, 0.9]: 0 / 0
[28, 29]; [0.9, 0.95]: 0 / 0
[28, 29]; [0.95, 1]: 0 / 0

[29, 30]; [-1, -0.95]: 0 / 0
[29, 30]; [-0.95, -0.9]: 0 / 0
[29, 30]; [-0.9, -0.85]: 0 / 0
[29, 30]; [-0.85, -0.8]: 0 / 0
[29, 30]; [-0.8, -0.75]: 0 / 0
[29, 30]; [-0.75, -0.7]: 0 / 0
[29, 30]; [-0.7, -0.65]: 1466 / 396
[29, 30]; [-0.65, -0.6]: 11903 / 2826
[29, 30]; [-0.6, -0.55]: 21583 / 5335
[29, 30]; [-0.55, -0.5]: 24304 / 5941
[29, 30]; [-0.5, -0.45]: 24006 / 6054
[29, 30]; [-0.45, -0.4]: 23636 / 5849
[29, 30]; [-0.4, -0.35]: 23194 / 5843
[29, 30]; [-0.35, -0.3]: 23224 / 5799
[29, 30]; [-0.3, -0.25]: 23097 / 5689
[29, 30]; [-0.25, -0.2]: 22915 / 5787
[29, 30]; [-0.2, -0.15]: 23082 / 5776
[29, 30]; [-0.15, -0.1]: 22774 / 5661
[29, 30]; [-0.1, -0.05]: 22884 / 5810
[29, 30]; [-0.05, 0]: 22882 / 5894
[29, 30]; [0, 0.05]: 23021 / 5692
[29, 30]; [0.05, 0.1]: 22948 / 5835
[29, 30]; [0.1, 0.15]: 22883 / 5937
[29, 30]; [0.15, 0.2]: 22919 / 5788
[29, 30]; [0.2, 0.25]: 23405 / 5749
[29, 30]; [0.25, 0.3]: 23110 / 5811
[29, 30]; [0.3, 0.35]: 23012 / 5802
[29, 30]; [0.35, 0.4]: 23319 / 5822
[29, 30]; [0.4, 0.45]: 23603 / 5775
[29, 30]; [0.45, 0.5]: 24264 / 5961
[29, 30]; [0.5, 0.55]: 24025 / 6027
[29, 30]; [0.55, 0.6]: 22017 / 5376
[29, 30]; [0.6, 0.65]: 11975 / 2820
[29, 30]; [0.65, 0.7]: 1505 / 374
[29, 30]; [0.7, 0.75]: 0 / 0
[29, 30]; [0.75, 0.8]: 0 / 0
[29, 30]; [0.8, 0.85]: 0 / 0
[29, 30]; [0.85, 0.9]: 0 / 0
[29, 30]; [0.9, 0.95]: 0 / 0
[29, 30]; [0.95, 1]: 0 / 0

[30, 31]; [-1, -0.95]: 0 / 0
[30, 31]; [-0.95, -0.9]: 0 / 0
[30, 31]; [-0.9, -0.85]: 0 / 0
[30, 31]; [-0.85, -0.8]: 0 / 0
[30, 31]; [-0.8, -0.75]: 0 / 0
[30, 31]; [-0.75, -0.7]: 0 / 0
[30, 31]; [-0.7, -0.65]: 2502 / 539
[30, 31]; [-0.65, -0.6]: 12671 / 2957
[30, 31]; [-0.6, -0.55]: 19416 / 4792
[30, 31]; [-0.55, -0.5]: 20292 / 5086
[30, 31]; [-0.5, -0.45]: 20184 / 5001
[30, 31]; [-0.45, -0.4]: 19836 / 4949
[30, 31]; [-0.4, -0.35]: 19456 / 4805
[30, 31]; [-0.35, -0.3]: 19512 / 4870
[30, 31]; [-0.3, -0.25]: 19249 / 4860
[30, 31]; [-0.25, -0.2]: 19294 / 4742
[30, 31]; [-0.2, -0.15]: 19297 / 5024
[30, 31]; [-0.15, -0.1]: 18979 / 4822
[30, 31]; [-0.1, -0.05]: 19113 / 4944
[30, 31]; [-0.05, 0]: 19347 / 4760
[30, 31]; [0, 0.05]: 18926 / 4853
[30, 31]; [0.05, 0.1]: 18933 / 4748
[30, 31]; [0.1, 0.15]: 19239 / 4903
[30, 31]; [0.15, 0.2]: 19203 / 4951
[30, 31]; [0.2, 0.25]: 19317 / 4768
[30, 31]; [0.25, 0.3]: 19699 / 4985
[30, 31]; [0.3, 0.35]: 19602 / 4862
[30, 31]; [0.35, 0.4]: 19626 / 4892
[30, 31]; [0.4, 0.45]: 19637 / 4950
[30, 31]; [0.45, 0.5]: 19961 / 5051
[30, 31]; [0.5, 0.55]: 20216 / 5059
[30, 31]; [0.55, 0.6]: 19622 / 4715
[30, 31]; [0.6, 0.65]: 12818 / 3147
[30, 31]; [0.65, 0.7]: 2402 / 605
[30, 31]; [0.7, 0.75]: 0 / 0
[30, 31]; [0.75, 0.8]: 0 / 0
[30, 31]; [0.8, 0.85]: 0 / 0
[30, 31]; [0.85, 0.9]: 0 / 0
[30, 31]; [0.9, 0.95]: 0 / 0
[30, 31]; [0.95, 1]: 0 / 0

[31, 32]; [-1, -0.95]: 0 / 0
[31, 32]; [-0.95, -0.9]: 0 / 0
[31, 32]; [-0.9, -0.85]: 0 / 0
[31, 32]; [-0.85, -0.8]: 0 / 0
[31, 32]; [-0.8, -0.75]: 0 / 0
[31, 32]; [-0.75, -0.7]: 7 / 2
[31, 32]; [-0.7, -0.65]: 3363 / 853
[31, 32]; [-0.65, -0.6]: 12810 / 2990
[31, 32]; [-0.6, -0.55]: 16930 / 4154
[31, 32]; [-0.55, -0.5]: 16962 / 4165
[31, 32]; [-0.5, -0.45]: 16759 / 4161
[31, 32]; [-0.45, -0.4]: 16421 / 4274
[31, 32]; [-0.4, -0.35]: 16415 / 4091
[31, 32]; [-0.35, -0.3]: 16367 / 4017
[31, 32]; [-0.3, -0.25]: 16137 / 4181
[31, 32]; [-0.25, -0.2]: 16036 / 4112
[31, 32]; [-0.2, -0.15]: 16197 / 4098
[31, 32]; [-0.15, -0.1]: 15984 / 4270
[31, 32]; [-0.1, -0.05]: 16039 / 4282
[31, 32]; [-0.05, 0]: 15922 / 4011
[31, 32]; [0, 0.05]: 16057 / 4150
[31, 32]; [0.05, 0.1]: 16069 / 4141
[31, 32]; [0.1, 0.15]: 16138 / 4136
[31, 32]; [0.15, 0.2]: 16180 / 4131
[31, 32]; [0.2, 0.25]: 15997 / 4063
[31, 32]; [0.25, 0.3]: 16441 / 4156
[31, 32]; [0.3, 0.35]: 16403 / 4068
[31, 32]; [0.35, 0.4]: 16234 / 4009
[31, 32]; [0.4, 0.45]: 16549 / 4220
[31, 32]; [0.45, 0.5]: 16772 / 4234
[31, 32]; [0.5, 0.55]: 17056 / 4259
[31, 32]; [0.55, 0.6]: 17058 / 4108
[31, 32]; [0.6, 0.65]: 12972 / 3177
[31, 32]; [0.65, 0.7]: 3519 / 877
[31, 32]; [0.7, 0.75]: 14 / 2
[31, 32]; [0.75, 0.8]: 0 / 0
[31, 32]; [0.8, 0.85]: 0 / 0
[31, 32]; [0.85, 0.9]: 0 / 0
[31, 32]; [0.9, 0.95]: 0 / 0
[31, 32]; [0.95, 1]: 0 / 0

[32, 33]; [-1, -0.95]: 0 / 0
[32, 33]; [-0.95, -0.9]: 0 / 0
[32, 33]; [-0.9, -0.85]: 0 / 0
[32, 33]; [-0.85, -0.8]: 0 / 0
[32, 33]; [-0.8, -0.75]: 0 / 0
[32, 33]; [-0.75, -0.7]: 110 / 23
[32, 33]; [-0.7, -0.65]: 4583 / 1021
[32, 33]; [-0.65, -0.6]: 12226 / 2914
[32, 33]; [-0.6, -0.55]: 14476 / 3478
[32, 33]; [-0.55, -0.5]: 14434 / 3460
[32, 33]; [-0.5, -0.45]: 14021 / 3524
[32, 33]; [-0.45, -0.4]: 14277 / 3543
[32, 33]; [-0.4, -0.35]: 13914 / 3488
[32, 33]; [-0.35, -0.3]: 13881 / 3606
[32, 33]; [-0.3, -0.25]: 13777 / 3600
[32, 33]; [-0.25, -0.2]: 13540 / 3423
[32, 33]; [-0.2, -0.15]: 13687 / 3516
[32, 33]; [-0.15, -0.1]: 13754 / 3606
[32, 33]; [-0.1, -0.05]: 13549 / 3427
[32, 33]; [-0.05, 0]: 13634 / 3528
[32, 33]; [0, 0.05]: 13344 / 3399
[32, 33]; [0.05, 0.1]: 13312 / 3559
[32, 33]; [0.1, 0.15]: 13446 / 3530
[32, 33]; [0.15, 0.2]: 13701 / 3381
[32, 33]; [0.2, 0.25]: 13736 / 3446
[32, 33]; [0.25, 0.3]: 13939 / 3468
[32, 33]; [0.3, 0.35]: 13845 / 3478
[32, 33]; [0.35, 0.4]: 13890 / 3536
[32, 33]; [0.4, 0.45]: 13959 / 3521
[32, 33]; [0.45, 0.5]: 14260 / 3558
[32, 33]; [0.5, 0.55]: 14413 / 3512
[32, 33]; [0.55, 0.6]: 14617 / 3631
[32, 33]; [0.6, 0.65]: 12304 / 2984
[32, 33]; [0.65, 0.7]: 4454 / 1080
[32, 33]; [0.7, 0.75]: 97 / 22
[32, 33]; [0.75, 0.8]: 0 / 0
[32, 33]; [0.8, 0.85]: 0 / 0
[32, 33]; [0.85, 0.9]: 0 / 0
[32, 33]; [0.9, 0.95]: 0 / 0
[32, 33]; [0.95, 1]: 0 / 0

[33, 34]; [-1, -0.95]: 0 / 0
[33, 34]; [-0.95, -0.9]: 0 / 0
[33, 34]; [-0.9, -0.85]: 0 / 0
[33, 34]; [-0.85, -0.8]: 0 / 0
[33, 34]; [-0.8, -0.75]: 0 / 0
[33, 34]; [-0.75, -0.7]: 243 / 65
[33, 34]; [-0.7, -0.65]: 5325 / 1223
[33, 34]; [-0.65, -0.6]: 11387 / 2739
[33, 34]; [-0.6, -0.55]: 12337 / 2982
[33, 34]; [-0.55, -0.5]: 12219 / 2996
[33, 34]; [-0.5, -0.45]: 12036 / 3022
[33, 34]; [-0.45, -0.4]: 11942 / 2905
[33, 34]; [-0.4, -0.35]: 11915 / 2980
[33, 34]; [-0.35, -0.3]: 11696 / 2867
[33, 34]; [-0.3, -0.25]: 11506 / 2809
[33, 34]; [-0.25, -0.2]: 11597 / 2927
[33, 34]; [-0.2, -0.15]: 11560 / 2832
[33, 34]; [-0.15, -0.1]: 11527 / 2927
[33, 34]; [-0.1, -0.05]: 11542 / 3022
[33, 34]; [-0.05, 0]: 11651 / 2988
[33, 34]; [0, 0.05]: 11538 / 2943
[33, 34]; [0.05, 0.1]: 11451 / 2930
[33, 34]; [0.1, 0.15]: 11529 / 2908
[33, 34]; [0.15, 0.2]: 11603 / 2892
[33, 34]; [0.2, 0.25]: 11655 / 2981
[33, 34]; [0.25, 0.3]: 11651 / 2953
[33, 34]; [0.3, 0.35]: 11752 / 2895
[33, 34]; [0.35, 0.4]: 11909 / 3016
[33, 34]; [0.4, 0.45]: 11942 / 3024
[33, 34]; [0.45, 0.5]: 11973 / 2981
[33, 34]; [0.5, 0.55]: 12328 / 2949
[33, 34]; [0.55, 0.6]: 12186 / 3080
[33, 34]; [0.6, 0.65]: 11430 / 2767
[33, 34]; [0.65, 0.7]: 5339 / 1254
[33, 34]; [0.7, 0.75]: 285 / 65
[33, 34]; [0.75, 0.8]: 0 / 0
[33, 34]; [0.8, 0.85]: 0 / 0
[33, 34]; [0.85, 0.9]: 0 / 0
[33, 34]; [0.9, 0.95]: 0 / 0
[33, 34]; [0.95, 1]: 0 / 0

[34, 35]; [-1, -0.95]: 0 / 0
[34, 35]; [-0.95, -0.9]: 0 / 0
[34, 35]; [-0.9, -0.85]: 0 / 0
[34, 35]; [-0.85, -0.8]: 0 / 0
[34, 35]; [-0.8, -0.75]: 0 / 0
[34, 35]; [-0.75, -0.7]: 507 / 133
[34, 35]; [-0.7, -0.65]: 5884 / 1415
[34, 35]; [-0.65, -0.6]: 10317 / 2444
[34, 35]; [-0.6, -0.55]: 10655 / 2652
[34, 35]; [-0.55, -0.5]: 10297 / 2613
[34, 35]; [-0.5, -0.45]: 10207 / 2616
[34, 35]; [-0.45, -0.4]: 10116 / 2515
[34, 35]; [-0.4, -0.35]: 10054 / 2516
[34, 35]; [-0.35, -0.3]: 9997 / 2535
[34, 35]; [-0.3, -0.25]: 10004 / 2502
[34, 35]; [-0.25, -0.2]: 9782 / 2592
[34, 35]; [-0.2, -0.15]: 9856 / 2540
[34, 35]; [-0.15, -0.1]: 9860 / 2539
[34, 35]; [-0.1, -0.05]: 9833 / 2555
[34, 35]; [-0.05, 0]: 9859 / 2495
[34, 35]; [0, 0.05]: 9739 / 2409
[34, 35]; [0.05, 0.1]: 9835 / 2461
[34, 35]; [0.1, 0.15]: 9838 / 2479
[34, 35]; [0.15, 0.2]: 9772 / 2510
[34, 35]; [0.2, 0.25]: 9924 / 2548
[34, 35]; [0.25, 0.3]: 9907 / 2462
[34, 35]; [0.3, 0.35]: 10167 / 2573
[34, 35]; [0.35, 0.4]: 10167 / 2612
[34, 35]; [0.4, 0.45]: 10136 / 2597
[34, 35]; [0.45, 0.5]: 10224 / 2561
[34, 35]; [0.5, 0.55]: 10553 / 2557
[34, 35]; [0.55, 0.6]: 10454 / 2675
[34, 35]; [0.6, 0.65]: 10135 / 2543
[34, 35]; [0.65, 0.7]: 5766 / 1415
[34, 35]; [0.7, 0.75]: 532 / 118
[34, 35]; [0.75, 0.8]: 0 / 0
[34, 35]; [0.8, 0.85]: 0 / 0
[34, 35]; [0.85, 0.9]: 0 / 0
[34, 35]; [0.9, 0.95]: 0 / 0
[34, 35]; [0.95, 1]: 0 / 0

[35, 36]; [-1, -0.95]: 0 / 0
[35, 36]; [-0.95, -0.9]: 0 / 0
[35, 36]; [-0.9, -0.85]: 0 / 0
[35, 36]; [-0.85, -0.8]: 0 / 0
[35, 36]; [-0.8, -0.75]: 0 / 0
[35, 36]; [-0.75, -0.7]: 814 / 176
[35, 36]; [-0.7, -0.65]: 6069 / 1433
[35, 36]; [-0.65, -0.6]: 9159 / 2196
[35, 36]; [-0.6, -0.55]: 9116 / 2212
[35, 36]; [-0.55, -0.5]: 9005 / 2254
[35, 36]; [-0.5, -0.45]: 8899 / 2158
[35, 36]; [-0.45, -0.4]: 8862 / 2173
[35, 36]; [-0.4, -0.35]: 8747 / 2106
[35, 36]; [-0.35, -0.3]: 8727 / 2077
[35, 36]; [-0.3, -0.25]: 8584 / 2143
[35, 36]; [-0.25, -0.2]: 8584 / 2197
[35, 36]; [-0.2, -0.15]: 8635 / 2135
[35, 36]; [-0.15, -0.1]: 8461 / 2147
[35, 36]; [-0.1, -0.05]: 8261 / 2133
[35, 36]; [-0.05, 0]: 8492 / 2181
[35, 36]; [0, 0.05]: 8423 / 2177
[35, 36]; [0.05, 0.1]: 8427 / 2134
[35, 36]; [0.1, 0.15]: 8297 / 2097
[35, 36]; [0.15, 0.2]: 8349 / 2207
[35, 36]; [0.2, 0.25]: 8433 / 2171
[35, 36]; [0.25, 0.3]: 8433 / 2203
[35, 36]; [0.3, 0.35]: 8603 / 2239
[35, 36]; [0.35, 0.4]: 8803 / 2130
[35, 36]; [0.4, 0.45]: 8829 / 2171
[35, 36]; [0.45, 0.5]: 8759 / 2221
[35, 36]; [0.5, 0.55]: 8932 / 2259
[35, 36]; [0.55, 0.6]: 9175 / 2213
[35, 36]; [0.6, 0.65]: 8840 / 2148
[35, 36]; [0.65, 0.7]: 5991 / 1446
[35, 36]; [0.7, 0.75]: 759 / 229
[35, 36]; [0.75, 0.8]: 0 / 0
[35, 36]; [0.8, 0.85]: 0 / 0
[35, 36]; [0.85, 0.9]: 0 / 0
[35, 36]; [0.9, 0.95]: 0 / 0
[35, 36]; [0.95, 1]: 0 / 0

[36, 37]; [-1, -0.95]: 0 / 0
[36, 37]; [-0.95, -0.9]: 0 / 0
[36, 37]; [-0.9, -0.85]: 0 / 0
[36, 37]; [-0.85, -0.8]: 0 / 0
[36, 37]; [-0.8, -0.75]: 0 / 0
[36, 37]; [-0.75, -0.7]: 1063 / 250
[36, 37]; [-0.7, -0.65]: 5970 / 1358
[36, 37]; [-0.65, -0.6]: 7933 / 1877
[36, 37]; [-0.6, -0.55]: 7673 / 2016
[36, 37]; [-0.55, -0.5]: 7646 / 1953
[36, 37]; [-0.5, -0.45]: 7433 / 1866
[36, 37]; [-0.45, -0.4]: 7398 / 1843
[36, 37]; [-0.4, -0.35]: 7312 / 1833
[36, 37]; [-0.35, -0.3]: 7341 / 1869
[36, 37]; [-0.3, -0.25]: 7506 / 1851
[36, 37]; [-0.25, -0.2]: 7284 / 1787
[36, 37]; [-0.2, -0.15]: 7272 / 1852
[36, 37]; [-0.15, -0.1]: 7313 / 1847
[36, 37]; [-0.1, -0.05]: 7258 / 1843
[36, 37]; [-0.05, 0]: 7364 / 1792
[36, 37]; [0, 0.05]: 7060 / 1918
[36, 37]; [0.05, 0.1]: 7171 / 1852
[36, 37]; [0.1, 0.15]: 7133 / 1870
[36, 37]; [0.15, 0.2]: 7235 / 1780
[36, 37]; [0.2, 0.25]: 7314 / 1804
[36, 37]; [0.25, 0.3]: 7235 / 1872
[36, 37]; [0.3, 0.35]: 7240 / 1875
[36, 37]; [0.35, 0.4]: 7416 / 1865
[36, 37]; [0.4, 0.45]: 7666 / 1858
[36, 37]; [0.45, 0.5]: 7642 / 1828
[36, 37]; [0.5, 0.55]: 7696 / 1876
[36, 37]; [0.55, 0.6]: 7814 / 1862
[36, 37]; [0.6, 0.65]: 7875 / 1922
[36, 37]; [0.65, 0.7]: 6179 / 1460
[36, 37]; [0.7, 0.75]: 1156 / 253
[36, 37]; [0.75, 0.8]: 0 / 0
[36, 37]; [0.8, 0.85]: 0 / 0
[36, 37]; [0.85, 0.9]: 0 / 0
[36, 37]; [0.9, 0.95]: 0 / 0
[36, 37]; [0.95, 1]: 0 / 0

[37, 38]; [-1, -0.95]: 0 / 0
[37, 38]; [-0.95, -0.9]: 0 / 0
[37, 38]; [-0.9, -0.85]: 0 / 0
[37, 38]; [-0.85, -0.8]: 0 / 0
[37, 38]; [-0.8, -0.75]: 0 / 0
[37, 38]; [-0.75, -0.7]: 1540 / 378
[37, 38]; [-0.7, -0.65]: 5790 / 1448
[37, 38]; [-0.65, -0.6]: 6928 / 1664
[37, 38]; [-0.6, -0.55]: 6776 / 1692
[37, 38]; [-0.55, -0.5]: 6585 / 1590
[37, 38]; [-0.5, -0.45]: 6464 / 1674
[37, 38]; [-0.45, -0.4]: 6459 / 1610
[37, 38]; [-0.4, -0.35]: 6382 / 1564
[37, 38]; [-0.35, -0.3]: 6321 / 1659
[37, 38]; [-0.3, -0.25]: 6277 / 1553
[37, 38]; [-0.25, -0.2]: 6361 / 1675
[37, 38]; [-0.2, -0.15]: 6272 / 1638
[37, 38]; [-0.15, -0.1]: 6236 / 1529
[37, 38]; [-0.1, -0.05]: 6183 / 1570
[37, 38]; [-0.05, 0]: 6061 / 1559
[37, 38]; [0, 0.05]: 6175 / 1539
[37, 38]; [0.05, 0.1]: 6138 / 1568
[37, 38]; [0.1, 0.15]: 6195 / 1575
[37, 38]; [0.15, 0.2]: 6182 / 1591
[37, 38]; [0.2, 0.25]: 6242 / 1641
[37, 38]; [0.25, 0.3]: 6269 / 1526
[37, 38]; [0.3, 0.35]: 6480 / 1592
[37, 38]; [0.35, 0.4]: 6551 / 1677
[37, 38]; [0.4, 0.45]: 6463 / 1655
[37, 38]; [0.45, 0.5]: 6618 / 1610
[37, 38]; [0.5, 0.55]: 6663 / 1738
[37, 38]; [0.55, 0.6]: 6635 / 1637
[37, 38]; [0.6, 0.65]: 6895 / 1641
[37, 38]; [0.65, 0.7]: 5859 / 1430
[37, 38]; [0.7, 0.75]: 1572 / 374
[37, 38]; [0.75, 0.8]: 0 / 0
[37, 38]; [0.8, 0.85]: 0 / 0
[37, 38]; [0.85, 0.9]: 0 / 0
[37, 38]; [0.9, 0.95]: 0 / 0
[37, 38]; [0.95, 1]: 0 / 0

[38, 39]; [-1, -0.95]: 0 / 0
[38, 39]; [-0.95, -0.9]: 0 / 0
[38, 39]; [-0.9, -0.85]: 0 / 0
[38, 39]; [-0.85, -0.8]: 0 / 0
[38, 39]; [-0.8, -0.75]: 3 / 1
[38, 39]; [-0.75, -0.7]: 1914 / 426
[38, 39]; [-0.7, -0.65]: 5294 / 1269
[38, 39]; [-0.65, -0.6]: 5880 / 1400
[38, 39]; [-0.6, -0.55]: 5745 / 1432
[38, 39]; [-0.55, -0.5]: 5702 / 1388
[38, 39]; [-0.5, -0.45]: 5695 / 1418
[38, 39]; [-0.45, -0.4]: 5598 / 1387
[38, 39]; [-0.4, -0.35]: 5614 / 1381
[38, 39]; [-0.35, -0.3]: 5621 / 1385
[38, 39]; [-0.3, -0.25]: 5514 / 1377
[38, 39]; [-0.25, -0.2]: 5539 / 1423
[38, 39]; [-0.2, -0.15]: 5409 / 1397
[38, 39]; [-0.15, -0.1]: 5364 / 1355
[38, 39]; [-0.1, -0.05]: 5357 / 1360
[38, 39]; [-0.05, 0]: 5394 / 1287
[38, 39]; [0, 0.05]: 5427 / 1382
[38, 39]; [0.05, 0.1]: 5359 / 1404
[38, 39]; [0.1, 0.15]: 5510 / 1338
[38, 39]; [0.15, 0.2]: 5559 / 1335
[38, 39]; [0.2, 0.25]: 5492 / 1441
[38, 39]; [0.25, 0.3]: 5546 / 1348
[38, 39]; [0.3, 0.35]: 5507 / 1429
[38, 39]; [0.35, 0.4]: 5607 / 1346
[38, 39]; [0.4, 0.45]: 5695 / 1445
[38, 39]; [0.45, 0.5]: 5780 / 1431
[38, 39]; [0.5, 0.55]: 5864 / 1383
[38, 39]; [0.55, 0.6]: 5806 / 1404
[38, 39]; [0.6, 0.65]: 6042 / 1521
[38, 39]; [0.65, 0.7]: 5370 / 1316
[38, 39]; [0.7, 0.75]: 1880 / 463
[38, 39]; [0.75, 0.8]: 3 / 0
[38, 39]; [0.8, 0.85]: 0 / 0
[38, 39]; [0.85, 0.9]: 0 / 0
[38, 39]; [0.9, 0.95]: 0 / 0
[38, 39]; [0.95, 1]: 0 / 0

[39, 40]; [-1, -0.95]: 0 / 0
[39, 40]; [-0.95, -0.9]: 0 / 0
[39, 40]; [-0.9, -0.85]: 0 / 0
[39, 40]; [-0.85, -0.8]: 0 / 0
[39, 40]; [-0.8, -0.75]: 34 / 2
[39, 40]; [-0.75, -0.7]: 2153 / 524
[39, 40]; [-0.7, -0.65]: 5036 / 1142
[39, 40]; [-0.65, -0.6]: 5249 / 1169
[39, 40]; [-0.6, -0.55]: 5106 / 1231
[39, 40]; [-0.55, -0.5]: 5039 / 1278
[39, 40]; [-0.5, -0.45]: 4808 / 1231
[39, 40]; [-0.45, -0.4]: 4701 / 1236
[39, 40]; [-0.4, -0.35]: 4919 / 1283
[39, 40]; [-0.35, -0.3]: 4749 / 1210
[39, 40]; [-0.3, -0.25]: 4748 / 1259
[39, 40]; [-0.25, -0.2]: 4782 / 1223
[39, 40]; [-0.2, -0.15]: 4827 / 1158
[39, 40]; [-0.15, -0.1]: 4665 / 1161
[39, 40]; [-0.1, -0.05]: 4538 / 1197
[39, 40]; [-0.05, 0]: 4675 / 1227
[39, 40]; [0, 0.05]: 4767 / 1154
[39, 40]; [0.05, 0.1]: 4755 / 1163
[39, 40]; [0.1, 0.15]: 4689 / 1203
[39, 40]; [0.15, 0.2]: 4628 / 1200
[39, 40]; [0.2, 0.25]: 4774 / 1259
[39, 40]; [0.25, 0.3]: 4854 / 1211
[39, 40]; [0.3, 0.35]: 4848 / 1252
[39, 40]; [0.35, 0.4]: 4850 / 1203
[39, 40]; [0.4, 0.45]: 4855 / 1160
[39, 40]; [0.45, 0.5]: 4905 / 1219
[39, 40]; [0.5, 0.55]: 4936 / 1240
[39, 40]; [0.55, 0.6]: 5176 / 1245
[39, 40]; [0.6, 0.65]: 5248 / 1365
[39, 40]; [0.65, 0.7]: 4909 / 1213
[39, 40]; [0.7, 0.75]: 2230 / 529
[39, 40]; [0.75, 0.8]: 27 / 6
[39, 40]; [0.8, 0.85]: 0 / 0
[39, 40]; [0.85, 0.9]: 0 / 0
[39, 40]; [0.9, 0.95]: 0 / 0
[39, 40]; [0.95, 1]: 0 / 0

[40, 42]; [-1, -0.95]: 0 / 0
[40, 42]; [-0.95, -0.9]: 0 / 0
[40, 42]; [-0.9, -0.85]: 0 / 0
[40, 42]; [-0.85, -0.8]: 0 / 0
[40, 42]; [-0.8, -0.75]: 196 / 40
[40, 42]; [-0.75, -0.7]: 4865 / 1145
[40, 42]; [-0.7, -0.65]: 8572 / 2078
[40, 42]; [-0.65, -0.6]: 8443 / 2075
[40, 42]; [-0.6, -0.55]: 8391 / 1954
[40, 42]; [-0.55, -0.5]: 8243 / 2043
[40, 42]; [-0.5, -0.45]: 7881 / 2059
[40, 42]; [-0.45, -0.4]: 8035 / 2012
[40, 42]; [-0.4, -0.35]: 7954 / 1991
[40, 42]; [-0.35, -0.3]: 7955 / 1971
[40, 42]; [-0.3, -0.25]: 7773 / 1962
[40, 42]; [-0.25, -0.2]: 7682 / 1938
[40, 42]; [-0.2, -0.15]: 7815 / 1898
[40, 42]; [-0.15, -0.1]: 7690 / 2003
[40, 42]; [-0.1, -0.05]: 7697 / 1943
[40, 42]; [-0.05, 0]: 7730 / 1962
[40, 42]; [0, 0.05]: 7558 / 1862
[40, 42]; [0.05, 0.1]: 7559 / 1887
[40, 42]; [0.1, 0.15]: 7567 / 1959
[40, 42]; [0.15, 0.2]: 7629 / 2035
[40, 42]; [0.2, 0.25]: 7761 / 1986
[40, 42]; [0.25, 0.3]: 7838 / 1879
[40, 42]; [0.3, 0.35]: 7811 / 2022
[40, 42]; [0.35, 0.4]: 8019 / 1962
[40, 42]; [0.4, 0.45]: 8079 / 1977
[40, 42]; [0.45, 0.5]: 8177 / 2000
[40, 42]; [0.5, 0.55]: 8185 / 2035
[40, 42]; [0.55, 0.6]: 8356 / 2012
[40, 42]; [0.6, 0.65]: 8549 / 2030
[40, 42]; [0.65, 0.7]: 8499 / 2038
[40, 42]; [0.7, 0.75]: 4933 / 1159
[40, 42]; [0.75, 0.8]: 205 / 52
[40, 42]; [0.8, 0.85]: 0 / 0
[40, 42]; [0.85, 0.9]: 0 / 0
[40, 42]; [0.9, 0.95]: 0 / 0
[40, 42]; [0.95, 1]: 0 / 0

[42, 44]; [-1, -0.95]: 0 / 0
[42, 44]; [-0.95, -0.9]: 0 / 0
[42, 44]; [-0.9, -0.85]: 0 / 0
[42, 44]; [-0.85, -0.8]: 0 / 0
[42, 44]; [-0.8, -0.75]: 533 / 117
[42, 44]; [-0.75, -0.7]: 4977 / 1177
[42, 44]; [-0.7, -0.65]: 6706 / 1624
[42, 44]; [-0.65, -0.6]: 6647 / 1533
[42, 44]; [-0.6, -0.55]: 6399 / 1523
[42, 44]; [-0.55, -0.5]: 6352 / 1490
[42, 44]; [-0.5, -0.45]: 6273 / 1514
[42, 44]; [-0.45, -0.4]: 6175 / 1556
[42, 44]; [-0.4, -0.35]: 6105 / 1513
[42, 44]; [-0.35, -0.3]: 6164 / 1499
[42, 44]; [-0.3, -0.25]: 5982 / 1547
[42, 44]; [-0.25, -0.2]: 5906 / 1509
[42, 44]; [-0.2, -0.15]: 5869 / 1491
[42, 44]; [-0.15, -0.1]: 5765 / 1445
[42, 44]; [-0.1, -0.05]: 5797 / 1471
[42, 44]; [-0.05, 0]: 5884 / 1487
[42, 44]; [0, 0.05]: 5895 / 1471
[42, 44]; [0.05, 0.1]: 5927 / 1412
[42, 44]; [0.1, 0.15]: 5819 / 1483
[42, 44]; [0.15, 0.2]: 6021 / 1527
[42, 44]; [0.2, 0.25]: 5973 / 1518
[42, 44]; [0.25, 0.3]: 5914 / 1529
[42, 44]; [0.3, 0.35]: 6077 / 1526
[42, 44]; [0.35, 0.4]: 6115 / 1454
[42, 44]; [0.4, 0.45]: 6164 / 1457
[42, 44]; [0.45, 0.5]: 6285 / 1616
[42, 44]; [0.5, 0.55]: 6399 / 1499
[42, 44]; [0.55, 0.6]: 6423 / 1583
[42, 44]; [0.6, 0.65]: 6620 / 1603
[42, 44]; [0.65, 0.7]: 6585 / 1620
[42, 44]; [0.7, 0.75]: 5054 / 1127
[42, 44]; [0.75, 0.8]: 540 / 122
[42, 44]; [0.8, 0.85]: 0 / 0
[42, 44]; [0.85, 0.9]: 0 / 0
[42, 44]; [0.9, 0.95]: 0 / 0
[42, 44]; [0.95, 1]: 0 / 0

[44, 46]; [-1, -0.95]: 0 / 0
[44, 46]; [-0.95, -0.9]: 0 / 0
[44, 46]; [-0.9, -0.85]: 0 / 0
[44, 46]; [-0.85, -0.8]: 0 / 0
[44, 46]; [-0.8, -0.75]: 912 / 220
[44, 46]; [-0.75, -0.7]: 4647 / 1111
[44, 46]; [-0.7, -0.65]: 5255 / 1218
[44, 46]; [-0.65, -0.6]: 5057 / 1204
[44, 46]; [-0.6, -0.55]: 4994 / 1161
[44, 46]; [-0.55, -0.5]: 4805 / 1170
[44, 46]; [-0.5, -0.45]: 4729 / 1140
[44, 46]; [-0.45, -0.4]: 4779 / 1162
[44, 46]; [-0.4, -0.35]: 4733 / 1182
[44, 46]; [-0.35, -0.3]: 4586 / 1176
[44, 46]; [-0.3, -0.25]: 4719 / 1100
[44, 46]; [-0.25, -0.2]: 4684 / 1099
[44, 46]; [-0.2, -0.15]: 4435 / 1126
[44, 46]; [-0.15, -0.1]: 4600 / 1180
[44, 46]; [-0.1, -0.05]: 4585 / 1188
[44, 46]; [-0.05, 0]: 4540 / 1134
[44, 46]; [0, 0.05]: 4405 / 1130
[44, 46]; [0.05, 0.1]: 4501 / 1090
[44, 46]; [0.1, 0.15]: 4690 / 1148
[44, 46]; [0.15, 0.2]: 4635 / 1191
[44, 46]; [0.2, 0.25]: 4468 / 1135
[44, 46]; [0.25, 0.3]: 4588 / 1192
[44, 46]; [0.3, 0.35]: 4781 / 1192
[44, 46]; [0.35, 0.4]: 4721 / 1171
[44, 46]; [0.4, 0.45]: 4905 / 1246
[44, 46]; [0.45, 0.5]: 4835 / 1185
[44, 46]; [0.5, 0.55]: 4981 / 1229
[44, 46]; [0.55, 0.6]: 4930 / 1187
[44, 46]; [0.6, 0.65]: 5335 / 1220
[44, 46]; [0.65, 0.7]: 5271 / 1253
[44, 46]; [0.7, 0.75]: 4760 / 1039
[44, 46]; [0.75, 0.8]: 910 / 226
[44, 46]; [0.8, 0.85]: 0 / 0
[44, 46]; [0.85, 0.9]: 0 / 0
[44, 46]; [0.9, 0.95]: 0 / 0
[44, 46]; [0.95, 1]: 0 / 0

[46, 48]; [-1, -0.95]: 0 / 0
[46, 48]; [-0.95, -0.9]: 0 / 0
[46, 48]; [-0.9, -0.85]: 0 / 0
[46, 48]; [-0.85, -0.8]: 0 / 0
[46, 48]; [-0.8, -0.75]: 1276 / 5160
[46, 48]; [-0.75, -0.7]: 4060 / 15969
[46, 48]; [-0.7, -0.65]: 4114 / 16668
[46, 48]; [-0.65, -0.6]: 3897 / 16554
[46, 48]; [-0.6, -0.55]: 3868 / 16384
[46, 48]; [-0.55, -0.5]: 3853 / 16251
[46, 48]; [-0.5, -0.45]: 3848 / 16117
[46, 48]; [-0.45, -0.4]: 3812 / 16032
[46, 48]; [-0.4, -0.35]: 3709 / 15882
[46, 48]; [-0.35, -0.3]: 3617 / 15537
[46, 48]; [-0.3, -0.25]: 3627 / 15592
[46, 48]; [-0.25, -0.2]: 3682 / 15462
[46, 48]; [-0.2, -0.15]: 3647 / 15617
[46, 48]; [-0.15, -0.1]: 3410 / 15179
[46, 48]; [-0.1, -0.05]: 3523 / 15381
[46, 48]; [-0.05, 0]: 3581 / 15403
[46, 48]; [0, 0.05]: 3361 / 15607
[46, 48]; [0.05, 0.1]: 3561 / 15313
[46, 48]; [0.1, 0.15]: 3586 / 15277
[46, 48]; [0.15, 0.2]: 3641 / 15425
[46, 48]; [0.2, 0.25]: 3615 / 15608
[46, 48]; [0.25, 0.3]: 3626 / 15509
[46, 48]; [0.3, 0.35]: 3649 / 15722
[46, 48]; [0.35, 0.4]: 3814 / 15974
[46, 48]; [0.4, 0.45]: 3719 / 15900
[46, 48]; [0.45, 0.5]: 3736 / 16230
[46, 48]; [0.5, 0.55]: 3938 / 16378
[46, 48]; [0.55, 0.6]: 4019 / 16413
[46, 48]; [0.6, 0.65]: 3999 / 16545
[46, 48]; [0.65, 0.7]: 4157 / 17366
[46, 48]; [0.7, 0.75]: 3956 / 16151
[46, 48]; [0.75, 0.8]: 1322 / 5435
[46, 48]; [0.8, 0.85]: 0 / 0
[46, 48]; [0.85, 0.9]: 0 / 0
[46, 48]; [0.9, 0.95]: 0 / 0
[46, 48]; [0.95, 1]: 0 / 0

[48, 50]; [-1, -0.95]: 0 / 0
[48, 50]; [-0.95, -0.9]: 0 / 0
[48, 50]; [-0.9, -0.85]: 0 / 0
[48, 50]; [-0.85, -0.8]: 3 / 20
[48, 50]; [-0.8, -0.75]: 1613 / 6455
[48, 50]; [-0.75, -0.7]: 3371 / 14213
[48, 50]; [-0.7, -0.65]: 3377 / 14067
[48, 50]; [-0.65, -0.6]: 3210 / 13706
[48, 50]; [-0.6, -0.55]: 3068 / 13697
[48, 50]; [-0.55, -0.5]: 3038 / 13504
[48, 50]; [-0.5, -0.45]: 3030 / 13332
[48, 50]; [-0.45, -0.4]: 2953 / 13123
[48, 50]; [-0.4, -0.35]: 2865 / 13179
[48, 50]; [-0.35, -0.3]: 2872 / 12978
[48, 50]; [-0.3, -0.25]: 2752 / 13048
[48, 50]; [-0.25, -0.2]: 2808 / 12771
[48, 50]; [-0.2, -0.15]: 2772 / 12864
[48, 50]; [-0.15, -0.1]: 2798 / 12555
[48, 50]; [-0.1, -0.05]: 2861 / 12631
[48, 50]; [-0.05, 0]: 2740 / 12704
[48, 50]; [0, 0.05]: 2852 / 12611
[48, 50]; [0.05, 0.1]: 2846 / 12804
[48, 50]; [0.1, 0.15]: 2838 / 12678
[48, 50]; [0.15, 0.2]: 2807 / 12875
[48, 50]; [0.2, 0.25]: 2861 / 12865
[48, 50]; [0.25, 0.3]: 2868 / 13087
[48, 50]; [0.3, 0.35]: 2906 / 12865
[48, 50]; [0.35, 0.4]: 2972 / 13208
[48, 50]; [0.4, 0.45]: 3018 / 13403
[48, 50]; [0.45, 0.5]: 3022 / 13337
[48, 50]; [0.5, 0.55]: 3023 / 13472
[48, 50]; [0.55, 0.6]: 3208 / 13583
[48, 50]; [0.6, 0.65]: 3222 / 14034
[48, 50]; [0.65, 0.7]: 3308 / 14318
[48, 50]; [0.7, 0.75]: 3376 / 14114
[48, 50]; [0.75, 0.8]: 1563 / 6570
[48, 50]; [0.8, 0.85]: 5 / 17
[48, 50]; [0.85, 0.9]: 0 / 0
[48, 50]; [0.9, 0.95]: 0 / 0
[48, 50]; [0.95, 1]: 0 / 0

[50, 52]; [-1, -0.95]: 0 / 0
[50, 52]; [-0.95, -0.9]: 0 / 0
[50, 52]; [-0.9, -0.85]: 0 / 0
[50, 52]; [-0.85, -0.8]: 43 / 126
[50, 52]; [-0.8, -0.75]: 1691 / 7210
[50, 52]; [-0.75, -0.7]: 2732 / 11731
[50, 52]; [-0.7, -0.65]: 2625 / 11674
[50, 52]; [-0.65, -0.6]: 2537 / 11352
[50, 52]; [-0.6, -0.55]: 2462 / 11166
[50, 52]; [-0.55, -0.5]: 2487 / 11251
[50, 52]; [-0.5, -0.45]: 2434 / 11174
[50, 52]; [-0.45, -0.4]: 2339 / 10785
[50, 52]; [-0.4, -0.35]: 2280 / 10901
[50, 52]; [-0.35, -0.3]: 2276 / 10765
[50, 52]; [-0.3, -0.25]: 2226 / 10749
[50, 52]; [-0.25, -0.2]: 2194 / 10372
[50, 52]; [-0.2, -0.15]: 2178 / 10533
[50, 52]; [-0.15, -0.1]: 2239 / 10533
[50, 52]; [-0.1, -0.05]: 2192 / 10545
[50, 52]; [-0.05, 0]: 2182 / 10348
[50, 52]; [0, 0.05]: 2185 / 10371
[50, 52]; [0.05, 0.1]: 2242 / 10537
[50, 52]; [0.1, 0.15]: 2220 / 10480
[50, 52]; [0.15, 0.2]: 2294 / 10464
[50, 52]; [0.2, 0.25]: 2241 / 10587
[50, 52]; [0.25, 0.3]: 2344 / 10836
[50, 52]; [0.3, 0.35]: 2346 / 10858
[50, 52]; [0.35, 0.4]: 2458 / 10863
[50, 52]; [0.4, 0.45]: 2414 / 11074
[50, 52]; [0.45, 0.5]: 2480 / 11176
[50, 52]; [0.5, 0.55]: 2555 / 11122
[50, 52]; [0.55, 0.6]: 2540 / 11507
[50, 52]; [0.6, 0.65]: 2539 / 11526
[50, 52]; [0.65, 0.7]: 2598 / 11838
[50, 52]; [0.7, 0.75]: 2753 / 12028
[50, 52]; [0.75, 0.8]: 1767 / 7501
[50, 52]; [0.8, 0.85]: 33 / 153
[50, 52]; [0.85, 0.9]: 0 / 0
[50, 52]; [0.9, 0.95]: 0 / 0
[50, 52]; [0.95, 1]: 0 / 0

[52, 54]; [-1, -0.95]: 0 / 0
[52, 54]; [-0.95, -0.9]: 0 / 0
[52, 54]; [-0.9, -0.85]: 0 / 0
[52, 54]; [-0.85, -0.8]: 85 / 388
[52, 54]; [-0.8, -0.75]: 1741 / 7324
[52, 54]; [-0.75, -0.7]: 2224 / 9983
[52, 54]; [-0.7, -0.65]: 2175 / 9786
[52, 54]; [-0.65, -0.6]: 2177 / 9534
[52, 54]; [-0.6, -0.55]: 2091 / 9404
[52, 54]; [-0.55, -0.5]: 1947 / 9190
[52, 54]; [-0.5, -0.45]: 1947 / 9092
[52, 54]; [-0.45, -0.4]: 1966 / 9105
[52, 54]; [-0.4, -0.35]: 1893 / 8909
[52, 54]; [-0.35, -0.3]: 1900 / 9021
[52, 54]; [-0.3, -0.25]: 1804 / 8808
[52, 54]; [-0.25, -0.2]: 1812 / 8487
[52, 54]; [-0.2, -0.15]: 1805 / 8699
[52, 54]; [-0.15, -0.1]: 1819 / 8717
[52, 54]; [-0.1, -0.05]: 1735 / 8647
[52, 54]; [-0.05, 0]: 1844 / 8465
[52, 54]; [0, 0.05]: 1792 / 8649
[52, 54]; [0.05, 0.1]: 1748 / 8596
[52, 54]; [0.1, 0.15]: 1795 / 8540
[52, 54]; [0.15, 0.2]: 1802 / 8847
[52, 54]; [0.2, 0.25]: 1867 / 8854
[52, 54]; [0.25, 0.3]: 1784 / 8964
[52, 54]; [0.3, 0.35]: 1907 / 8921
[52, 54]; [0.35, 0.4]: 1915 / 9006
[52, 54]; [0.4, 0.45]: 1909 / 9211
[52, 54]; [0.45, 0.5]: 2016 / 9226
[52, 54]; [0.5, 0.55]: 2024 / 9288
[52, 54]; [0.55, 0.6]: 2067 / 9542
[52, 54]; [0.6, 0.65]: 2083 / 9526
[52, 54]; [0.65, 0.7]: 2193 / 10035
[52, 54]; [0.7, 0.75]: 2283 / 10068
[52, 54]; [0.75, 0.8]: 1677 / 7627
[52, 54]; [0.8, 0.85]: 102 / 376
[52, 54]; [0.85, 0.9]: 0 / 0
[52, 54]; [0.9, 0.95]: 0 / 0
[52, 54]; [0.95, 1]: 0 / 0

[54, 56]; [-1, -0.95]: 0 / 0
[54, 56]; [-0.95, -0.9]: 0 / 0
[54, 56]; [-0.9, -0.85]: 0 / 0
[54, 56]; [-0.85, -0.8]: 166 / 707
[54, 56]; [-0.8, -0.75]: 1601 / 7055
[54, 56]; [-0.75, -0.7]: 1823 / 8327
[54, 56]; [-0.7, -0.65]: 1805 / 8135
[54, 56]; [-0.65, -0.6]: 1611 / 7889
[54, 56]; [-0.6, -0.55]: 1720 / 7623
[54, 56]; [-0.55, -0.5]: 1594 / 7748
[54, 56]; [-0.5, -0.45]: 1621 / 7793
[54, 56]; [-0.45, -0.4]: 1595 / 7439
[54, 56]; [-0.4, -0.35]: 1543 / 7492
[54, 56]; [-0.35, -0.3]: 1496 / 7431
[54, 56]; [-0.3, -0.25]: 1509 / 7231
[54, 56]; [-0.25, -0.2]: 1400 / 7320
[54, 56]; [-0.2, -0.15]: 1454 / 7259
[54, 56]; [-0.15, -0.1]: 1458 / 7152
[54, 56]; [-0.1, -0.05]: 1408 / 7145
[54, 56]; [-0.05, 0]: 1397 / 7102
[54, 56]; [0, 0.05]: 1416 / 7096
[54, 56]; [0.05, 0.1]: 1425 / 7145
[54, 56]; [0.1, 0.15]: 1507 / 7064
[54, 56]; [0.15, 0.2]: 1419 / 7077
[54, 56]; [0.2, 0.25]: 1536 / 7259
[54, 56]; [0.25, 0.3]: 1488 / 7312
[54, 56]; [0.3, 0.35]: 1525 / 7272
[54, 56]; [0.35, 0.4]: 1576 / 7369
[54, 56]; [0.4, 0.45]: 1547 / 7515
[54, 56]; [0.45, 0.5]: 1654 / 7675
[54, 56]; [0.5, 0.55]: 1609 / 7812
[54, 56]; [0.55, 0.6]: 1706 / 8073
[54, 56]; [0.6, 0.65]: 1671 / 7866
[54, 56]; [0.65, 0.7]: 1798 / 8100
[54, 56]; [0.7, 0.75]: 1837 / 8388
[54, 56]; [0.75, 0.8]: 1574 / 7214
[54, 56]; [0.8, 0.85]: 164 / 723
[54, 56]; [0.85, 0.9]: 0 / 0
[54, 56]; [0.9, 0.95]: 0 / 0
[54, 56]; [0.95, 1]: 0 / 0

[56, 58]; [-1, -0.95]: 0 / 0
[56, 58]; [-0.95, -0.9]: 0 / 0
[56, 58]; [-0.9, -0.85]: 0 / 0
[56, 58]; [-0.85, -0.8]: 241 / 1164
[56, 58]; [-0.8, -0.75]: 1423 / 6339
[56, 58]; [-0.75, -0.7]: 1510 / 6730
[56, 58]; [-0.7, -0.65]: 1425 / 6540
[56, 58]; [-0.65, -0.6]: 1374 / 6581
[56, 58]; [-0.6, -0.55]: 1363 / 6520
[56, 58]; [-0.55, -0.5]: 1320 / 6328
[56, 58]; [-0.5, -0.45]: 1353 / 6255
[56, 58]; [-0.45, -0.4]: 1258 / 6301
[56, 58]; [-0.4, -0.35]: 1275 / 6194
[56, 58]; [-0.35, -0.3]: 1131 / 6083
[56, 58]; [-0.3, -0.25]: 1254 / 6000
[56, 58]; [-0.25, -0.2]: 1208 / 5881
[56, 58]; [-0.2, -0.15]: 1162 / 5900
[56, 58]; [-0.15, -0.1]: 1094 / 5939
[56, 58]; [-0.1, -0.05]: 1170 / 5947
[56, 58]; [-0.05, 0]: 1178 / 5807
[56, 58]; [0, 0.05]: 1126 / 5918
[56, 58]; [0.05, 0.1]: 1221 / 5993
[56, 58]; [0.1, 0.15]: 1098 / 5977
[56, 58]; [0.15, 0.2]: 1178 / 5962
[56, 58]; [0.2, 0.25]: 1196 / 5882
[56, 58]; [0.25, 0.3]: 1163 / 5884
[56, 58]; [0.3, 0.35]: 1224 / 6062
[56, 58]; [0.35, 0.4]: 1229 / 6224
[56, 58]; [0.4, 0.45]: 1298 / 6247
[56, 58]; [0.45, 0.5]: 1340 / 6430
[56, 58]; [0.5, 0.55]: 1291 / 6453
[56, 58]; [0.55, 0.6]: 1359 / 6627
[56, 58]; [0.6, 0.65]: 1421 / 6611
[56, 58]; [0.65, 0.7]: 1450 / 6710
[56, 58]; [0.7, 0.75]: 1455 / 6965
[56, 58]; [0.75, 0.8]: 1434 / 6507
[56, 58]; [0.8, 0.85]: 245 / 1113
[56, 58]; [0.85, 0.9]: 0 / 0
[56, 58]; [0.9, 0.95]: 0 / 0
[56, 58]; [0.95, 1]: 0 / 0

[58, 60]; [-1, -0.95]: 0 / 0
[58, 60]; [-0.95, -0.9]: 0 / 0
[58, 60]; [-0.9, -0.85]: 0 / 0
[58, 60]; [-0.85, -0.8]: 318 / 1461
[58, 60]; [-0.8, -0.75]: 1215 / 5809
[58, 60]; [-0.75, -0.7]: 1124 / 5639
[58, 60]; [-0.7, -0.65]: 1265 / 5608
[58, 60]; [-0.65, -0.6]: 1164 / 5516
[58, 60]; [-0.6, -0.55]: 1149 / 5325
[58, 60]; [-0.55, -0.5]: 1099 / 5395
[58, 60]; [-0.5, -0.45]: 1129 / 5284
[58, 60]; [-0.45, -0.4]: 1057 / 5228
[58, 60]; [-0.4, -0.35]: 1050 / 5095
[58, 60]; [-0.35, -0.3]: 1034 / 4942
[58, 60]; [-0.3, -0.25]: 1079 / 4900
[58, 60]; [-0.25, -0.2]: 968 / 5036
[58, 60]; [-0.2, -0.15]: 997 / 4764
[58, 60]; [-0.15, -0.1]: 898 / 4872
[58, 60]; [-0.1, -0.05]: 997 / 4798
[58, 60]; [-0.05, 0]: 975 / 4855
[58, 60]; [0, 0.05]: 932 / 4898
[58, 60]; [0.05, 0.1]: 890 / 4766
[58, 60]; [0.1, 0.15]: 964 / 5098
[58, 60]; [0.15, 0.2]: 937 / 4897
[58, 60]; [0.2, 0.25]: 1018 / 4904
[58, 60]; [0.25, 0.3]: 963 / 4930
[58, 60]; [0.3, 0.35]: 1048 / 5049
[58, 60]; [0.35, 0.4]: 1035 / 5168
[58, 60]; [0.4, 0.45]: 1073 / 5307
[58, 60]; [0.45, 0.5]: 1078 / 5375
[58, 60]; [0.5, 0.55]: 1143 / 5420
[58, 60]; [0.55, 0.6]: 1145 / 5537
[58, 60]; [0.6, 0.65]: 1106 / 5483
[58, 60]; [0.65, 0.7]: 1174 / 5683
[58, 60]; [0.7, 0.75]: 1181 / 5901
[58, 60]; [0.75, 0.8]: 1250 / 5721
[58, 60]; [0.8, 0.85]: 329 / 1484
[58, 60]; [0.85, 0.9]: 0 / 0
[58, 60]; [0.9, 0.95]: 0 / 0
[58, 60]; [0.95, 1]: 0 / 0

[60, 62]; [-1, -0.95]: 0 / 0
[60, 62]; [-0.95, -0.9]: 0 / 0
[60, 62]; [-0.9, -0.85]: 0 / 0
[60, 62]; [-0.85, -0.8]: 365 / 1746
[60, 62]; [-0.8, -0.75]: 990 / 4813
[60, 62]; [-0.75, -0.7]: 1011 / 4889
[60, 62]; [-0.7, -0.65]: 943 / 4677
[60, 62]; [-0.65, -0.6]: 926 / 4617
[60, 62]; [-0.6, -0.55]: 941 / 4508
[60, 62]; [-0.55, -0.5]: 952 / 4532
[60, 62]; [-0.5, -0.45]: 901 / 4424
[60, 62]; [-0.45, -0.4]: 862 / 4325
[60, 62]; [-0.4, -0.35]: 778 / 4232
[60, 62]; [-0.35, -0.3]: 835 / 4198
[60, 62]; [-0.3, -0.25]: 814 / 4140
[60, 62]; [-0.25, -0.2]: 789 / 3987
[60, 62]; [-0.2, -0.15]: 775 / 4042
[60, 62]; [-0.15, -0.1]: 770 / 4040
[60, 62]; [-0.1, -0.05]: 767 / 4042
[60, 62]; [-0.05, 0]: 793 / 4062
[60, 62]; [0, 0.05]: 759 / 3920
[60, 62]; [0.05, 0.1]: 766 / 4008
[60, 62]; [0.1, 0.15]: 819 / 4047
[60, 62]; [0.15, 0.2]: 793 / 4015
[60, 62]; [0.2, 0.25]: 798 / 4170
[60, 62]; [0.25, 0.3]: 790 / 4210
[60, 62]; [0.3, 0.35]: 779 / 4144
[60, 62]; [0.35, 0.4]: 856 / 4273
[60, 62]; [0.4, 0.45]: 877 / 4354
[60, 62]; [0.45, 0.5]: 899 / 4478
[60, 62]; [0.5, 0.55]: 886 / 4638
[60, 62]; [0.55, 0.6]: 971 / 4537
[60, 62]; [0.6, 0.65]: 946 / 4619
[60, 62]; [0.65, 0.7]: 991 / 4711
[60, 62]; [0.7, 0.75]: 1004 / 4847
[60, 62]; [0.75, 0.8]: 1072 / 4865
[60, 62]; [0.8, 0.85]: 381 / 1799
[60, 62]; [0.85, 0.9]: 0 / 0
[60, 62]; [0.9, 0.95]: 0 / 0
[60, 62]; [0.95, 1]: 0 / 0

[62, 64]; [-1, -0.95]: 0 / 0
[62, 64]; [-0.95, -0.9]: 0 / 0
[62, 64]; [-0.9, -0.85]: 0 / 0
[62, 64]; [-0.85, -0.8]: 390 / 1926
[62, 64]; [-0.8, -0.75]: 861 / 4032
[62, 64]; [-0.75, -0.7]: 859 / 3982
[62, 64]; [-0.7, -0.65]: 868 / 3937
[62, 64]; [-0.65, -0.6]: 764 / 3834
[62, 64]; [-0.6, -0.55]: 744 / 3827
[62, 64]; [-0.55, -0.5]: 729 / 3653
[62, 64]; [-0.5, -0.45]: 768 / 3616
[62, 64]; [-0.45, -0.4]: 736 / 3577
[62, 64]; [-0.4, -0.35]: 710 / 3603
[62, 64]; [-0.35, -0.3]: 728 / 3415
[62, 64]; [-0.3, -0.25]: 630 / 3350
[62, 64]; [-0.25, -0.2]: 648 / 3387
[62, 64]; [-0.2, -0.15]: 683 / 3298
[62, 64]; [-0.15, -0.1]: 634 / 3272
[62, 64]; [-0.1, -0.05]: 637 / 3385
[62, 64]; [-0.05, 0]: 669 / 3295
[62, 64]; [0, 0.05]: 627 / 3397
[62, 64]; [0.05, 0.1]: 758 / 3277
[62, 64]; [0.1, 0.15]: 669 / 3364
[62, 64]; [0.15, 0.2]: 667 / 3332
[62, 64]; [0.2, 0.25]: 657 / 3317
[62, 64]; [0.25, 0.3]: 701 / 3424
[62, 64]; [0.3, 0.35]: 643 / 3448
[62, 64]; [0.35, 0.4]: 723 / 3548
[62, 64]; [0.4, 0.45]: 719 / 3582
[62, 64]; [0.45, 0.5]: 782 / 3667
[62, 64]; [0.5, 0.55]: 784 / 3787
[62, 64]; [0.55, 0.6]: 783 / 3898
[62, 64]; [0.6, 0.65]: 768 / 3842
[62, 64]; [0.65, 0.7]: 816 / 3945
[62, 64]; [0.7, 0.75]: 858 / 4044
[62, 64]; [0.75, 0.8]: 849 / 4175
[62, 64]; [0.8, 0.85]: 408 / 2031
[62, 64]; [0.85, 0.9]: 0 / 0
[62, 64]; [0.9, 0.95]: 0 / 0
[62, 64]; [0.95, 1]: 0 / 0

[64, 66]; [-1, -0.95]: 0 / 0
[64, 66]; [-0.95, -0.9]: 0 / 0
[64, 66]; [-0.9, -0.85]: 0 / 0
[64, 66]; [-0.85, -0.8]: 438 / 2016
[64, 66]; [-0.8, -0.75]: 742 / 3430
[64, 66]; [-0.75, -0.7]: 653 / 3336
[64, 66]; [-0.7, -0.65]: 718 / 3278
[64, 66]; [-0.65, -0.6]: 683 / 3223
[64, 66]; [-0.6, -0.55]: 620 / 3286
[64, 66]; [-0.55, -0.5]: 601 / 3171
[64, 66]; [-0.5, -0.45]: 616 / 3018
[64, 66]; [-0.45, -0.4]: 594 / 2960
[64, 66]; [-0.4, -0.35]: 573 / 2927
[64, 66]; [-0.35, -0.3]: 557 / 2897
[64, 66]; [-0.3, -0.25]: 546 / 2811
[64, 66]; [-0.25, -0.2]: 577 / 2806
[64, 66]; [-0.2, -0.15]: 548 / 2672
[64, 66]; [-0.15, -0.1]: 506 / 2846
[64, 66]; [-0.1, -0.05]: 535 / 2817
[64, 66]; [-0.05, 0]: 545 / 2744
[64, 66]; [0, 0.05]: 521 / 2780
[64, 66]; [0.05, 0.1]: 505 / 2800
[64, 66]; [0.1, 0.15]: 538 / 2806
[64, 66]; [0.15, 0.2]: 557 / 2892
[64, 66]; [0.2, 0.25]: 579 / 2752
[64, 66]; [0.25, 0.3]: 579 / 2904
[64, 66]; [0.3, 0.35]: 607 / 2779
[64, 66]; [0.35, 0.4]: 573 / 2928
[64, 66]; [0.4, 0.45]: 620 / 3110
[64, 66]; [0.45, 0.5]: 670 / 3074
[64, 66]; [0.5, 0.55]: 627 / 3165
[64, 66]; [0.55, 0.6]: 652 / 3220
[64, 66]; [0.6, 0.65]: 632 / 3210
[64, 66]; [0.65, 0.7]: 705 / 3365
[64, 66]; [0.7, 0.75]: 712 / 3376
[64, 66]; [0.75, 0.8]: 743 / 3527
[64, 66]; [0.8, 0.85]: 473 / 2095
[64, 66]; [0.85, 0.9]: 0 / 0
[64, 66]; [0.9, 0.95]: 0 / 0
[64, 66]; [0.95, 1]: 0 / 0

[66, 68]; [-1, -0.95]: 0 / 0
[66, 68]; [-0.95, -0.9]: 0 / 0
[66, 68]; [-0.9, -0.85]: 3 / 5
[66, 68]; [-0.85, -0.8]: 436 / 1986
[66, 68]; [-0.8, -0.75]: 616 / 2920
[66, 68]; [-0.75, -0.7]: 575 / 2840
[66, 68]; [-0.7, -0.65]: 590 / 2812
[66, 68]; [-0.65, -0.6]: 542 / 2668
[66, 68]; [-0.6, -0.55]: 540 / 2802
[66, 68]; [-0.55, -0.5]: 527 / 2650
[66, 68]; [-0.5, -0.45]: 527 / 2616
[66, 68]; [-0.45, -0.4]: 538 / 2420
[66, 68]; [-0.4, -0.35]: 478 / 2424
[66, 68]; [-0.35, -0.3]: 461 / 2401
[66, 68]; [-0.3, -0.25]: 488 / 2384
[66, 68]; [-0.25, -0.2]: 479 / 2322
[66, 68]; [-0.2, -0.15]: 432 / 2324
[66, 68]; [-0.15, -0.1]: 462 / 2264
[66, 68]; [-0.1, -0.05]: 473 / 2269
[66, 68]; [-0.05, 0]: 428 / 2398
[66, 68]; [0, 0.05]: 453 / 2298
[66, 68]; [0.05, 0.1]: 425 / 2325
[66, 68]; [0.1, 0.15]: 483 / 2381
[66, 68]; [0.15, 0.2]: 457 / 2310
[66, 68]; [0.2, 0.25]: 444 / 2315
[66, 68]; [0.25, 0.3]: 486 / 2321
[66, 68]; [0.3, 0.35]: 455 / 2335
[66, 68]; [0.35, 0.4]: 509 / 2476
[66, 68]; [0.4, 0.45]: 501 / 2581
[66, 68]; [0.45, 0.5]: 484 / 2545
[66, 68]; [0.5, 0.55]: 513 / 2691
[66, 68]; [0.55, 0.6]: 583 / 2727
[66, 68]; [0.6, 0.65]: 531 / 2820
[66, 68]; [0.65, 0.7]: 627 / 2761
[66, 68]; [0.7, 0.75]: 609 / 2846
[66, 68]; [0.75, 0.8]: 588 / 2991
[66, 68]; [0.8, 0.85]: 444 / 2063
[66, 68]; [0.85, 0.9]: 0 / 6
[66, 68]; [0.9, 0.95]: 0 / 0
[66, 68]; [0.95, 1]: 0 / 0

[68, 70]; [-1, -0.95]: 0 / 0
[68, 70]; [-0.95, -0.9]: 0 / 0
[68, 70]; [-0.9, -0.85]: 4 / 13
[68, 70]; [-0.85, -0.8]: 399 / 1925
[68, 70]; [-0.8, -0.75]: 527 / 2461
[68, 70]; [-0.75, -0.7]: 522 / 2361
[68, 70]; [-0.7, -0.65]: 455 / 2275
[68, 70]; [-0.65, -0.6]: 453 / 2305
[68, 70]; [-0.6, -0.55]: 469 / 2255
[68, 70]; [-0.55, -0.5]: 462 / 2181
[68, 70]; [-0.5, -0.45]: 443 / 2125
[68, 70]; [-0.45, -0.4]: 408 / 2124
[68, 70]; [-0.4, -0.35]: 437 / 2008
[68, 70]; [-0.35, -0.3]: 366 / 1941
[68, 70]; [-0.3, -0.25]: 418 / 1950
[68, 70]; [-0.25, -0.2]: 373 / 2000
[68, 70]; [-0.2, -0.15]: 362 / 1919
[68, 70]; [-0.15, -0.1]: 374 / 1920
[68, 70]; [-0.1, -0.05]: 346 / 1970
[68, 70]; [-0.05, 0]: 343 / 1948
[68, 70]; [0, 0.05]: 350 / 2021
[68, 70]; [0.05, 0.1]: 373 / 1909
[68, 70]; [0.1, 0.15]: 398 / 1968
[68, 70]; [0.15, 0.2]: 375 / 1972
[68, 70]; [0.2, 0.25]: 404 / 1948
[68, 70]; [0.25, 0.3]: 382 / 2008
[68, 70]; [0.3, 0.35]: 416 / 2009
[68, 70]; [0.35, 0.4]: 408 / 2062
[68, 70]; [0.4, 0.45]: 437 / 2098
[68, 70]; [0.45, 0.5]: 448 / 2211
[68, 70]; [0.5, 0.55]: 490 / 2195
[68, 70]; [0.55, 0.6]: 515 / 2386
[68, 70]; [0.6, 0.65]: 445 / 2412
[68, 70]; [0.65, 0.7]: 479 / 2298
[68, 70]; [0.7, 0.75]: 496 / 2343
[68, 70]; [0.75, 0.8]: 546 / 2526
[68, 70]; [0.8, 0.85]: 433 / 1997
[68, 70]; [0.85, 0.9]: 11 / 28
[68, 70]; [0.9, 0.95]: 0 / 0
[68, 70]; [0.95, 1]: 0 / 0

[70, 72]; [-1, -0.95]: 0 / 0
[70, 72]; [-0.95, -0.9]: 0 / 0
[70, 72]; [-0.9, -0.85]: 14 / 50
[70, 72]; [-0.85, -0.8]: 396 / 1851
[70, 72]; [-0.8, -0.75]: 440 / 2126
[70, 72]; [-0.75, -0.7]: 406 / 2031
[70, 72]; [-0.7, -0.65]: 415 / 1936
[70, 72]; [-0.65, -0.6]: 433 / 1886
[70, 72]; [-0.6, -0.55]: 425 / 1907
[70, 72]; [-0.55, -0.5]: 352 / 1931
[70, 72]; [-0.5, -0.45]: 391 / 1848
[70, 72]; [-0.45, -0.4]: 357 / 1779
[70, 72]; [-0.4, -0.35]: 332 / 1670
[70, 72]; [-0.35, -0.3]: 303 / 1633
[70, 72]; [-0.3, -0.25]: 351 / 1624
[70, 72]; [-0.25, -0.2]: 322 / 1750
[70, 72]; [-0.2, -0.15]: 313 / 1594
[70, 72]; [-0.15, -0.1]: 301 / 1725
[70, 72]; [-0.1, -0.05]: 293 / 1664
[70, 72]; [-0.05, 0]: 322 / 1652
[70, 72]; [0, 0.05]: 293 / 1601
[70, 72]; [0.05, 0.1]: 317 / 1625
[70, 72]; [0.1, 0.15]: 316 / 1626
[70, 72]; [0.15, 0.2]: 310 / 1659
[70, 72]; [0.2, 0.25]: 326 / 1689
[70, 72]; [0.25, 0.3]: 347 / 1686
[70, 72]; [0.3, 0.35]: 356 / 1725
[70, 72]; [0.35, 0.4]: 348 / 1757
[70, 72]; [0.4, 0.45]: 383 / 1822
[70, 72]; [0.45, 0.5]: 379 / 1794
[70, 72]; [0.5, 0.55]: 365 / 1915
[70, 72]; [0.55, 0.6]: 392 / 1947
[70, 72]; [0.6, 0.65]: 407 / 1988
[70, 72]; [0.65, 0.7]: 444 / 2039
[70, 72]; [0.7, 0.75]: 382 / 2028
[70, 72]; [0.75, 0.8]: 449 / 2186
[70, 72]; [0.8, 0.85]: 431 / 1831
[70, 72]; [0.85, 0.9]: 16 / 53
[70, 72]; [0.9, 0.95]: 0 / 0
[70, 72]; [0.95, 1]: 0 / 0

[72, 74]; [-1, -0.95]: 0 / 0
[72, 74]; [-0.95, -0.9]: 0 / 0
[72, 74]; [-0.9, -0.85]: 28 / 90
[72, 74]; [-0.85, -0.8]: 346 / 1581
[72, 74]; [-0.8, -0.75]: 374 / 1851
[72, 74]; [-0.75, -0.7]: 363 / 1694
[72, 74]; [-0.7, -0.65]: 349 / 1623
[72, 74]; [-0.65, -0.6]: 338 / 1641
[72, 74]; [-0.6, -0.55]: 326 / 1653
[72, 74]; [-0.55, -0.5]: 329 / 1617
[72, 74]; [-0.5, -0.45]: 283 / 1546
[72, 74]; [-0.45, -0.4]: 292 / 1493
[72, 74]; [-0.4, -0.35]: 292 / 1423
[72, 74]; [-0.35, -0.3]: 311 / 1485
[72, 74]; [-0.3, -0.25]: 275 / 1405
[72, 74]; [-0.25, -0.2]: 293 / 1394
[72, 74]; [-0.2, -0.15]: 302 / 1361
[72, 74]; [-0.15, -0.1]: 267 / 1362
[72, 74]; [-0.1, -0.05]: 290 / 1398
[72, 74]; [-0.05, 0]: 275 / 1404
[72, 74]; [0, 0.05]: 293 / 1434
[72, 74]; [0.05, 0.1]: 275 / 1446
[72, 74]; [0.1, 0.15]: 256 / 1343
[72, 74]; [0.15, 0.2]: 261 / 1372
[72, 74]; [0.2, 0.25]: 314 / 1427
[72, 74]; [0.25, 0.3]: 277 / 1437
[72, 74]; [0.3, 0.35]: 248 / 1409
[72, 74]; [0.35, 0.4]: 298 / 1515
[72, 74]; [0.4, 0.45]: 293 / 1490
[72, 74]; [0.45, 0.5]: 315 / 1581
[72, 74]; [0.5, 0.55]: 348 / 1552
[72, 74]; [0.55, 0.6]: 357 / 1646
[72, 74]; [0.6, 0.65]: 345 / 1699
[72, 74]; [0.65, 0.7]: 375 / 1723
[72, 74]; [0.7, 0.75]: 361 / 1768
[72, 74]; [0.75, 0.8]: 372 / 1839
[72, 74]; [0.8, 0.85]: 376 / 1604
[72, 74]; [0.85, 0.9]: 21 / 105
[72, 74]; [0.9, 0.95]: 0 / 0
[72, 74]; [0.95, 1]: 0 / 0

[74, 76]; [-1, -0.95]: 0 / 0
[74, 76]; [-0.95, -0.9]: 0 / 0
[74, 76]; [-0.9, -0.85]: 25 / 130
[74, 76]; [-0.85, -0.8]: 301 / 1454
[74, 76]; [-0.8, -0.75]: 302 / 1545
[74, 76]; [-0.75, -0.7]: 298 / 1492
[74, 76]; [-0.7, -0.65]: 321 / 1402
[74, 76]; [-0.65, -0.6]: 301 / 1388
[74, 76]; [-0.6, -0.55]: 263 / 1346
[74, 76]; [-0.55, -0.5]: 282 / 1343
[74, 76]; [-0.5, -0.45]: 274 / 1306
[74, 76]; [-0.45, -0.4]: 255 / 1275
[74, 76]; [-0.4, -0.35]: 255 / 1207
[74, 76]; [-0.35, -0.3]: 262 / 1274
[74, 76]; [-0.3, -0.25]: 230 / 1154
[74, 76]; [-0.25, -0.2]: 232 / 1197
[74, 76]; [-0.2, -0.15]: 214 / 1154
[74, 76]; [-0.15, -0.1]: 256 / 1195
[74, 76]; [-0.1, -0.05]: 236 / 1213
[74, 76]; [-0.05, 0]: 248 / 1198
[74, 76]; [0, 0.05]: 244 / 1179
[74, 76]; [0.05, 0.1]: 226 / 1195
[74, 76]; [0.1, 0.15]: 209 / 1216
[74, 76]; [0.15, 0.2]: 228 / 1227
[74, 76]; [0.2, 0.25]: 225 / 1168
[74, 76]; [0.25, 0.3]: 256 / 1171
[74, 76]; [0.3, 0.35]: 241 / 1250
[74, 76]; [0.35, 0.4]: 245 / 1232
[74, 76]; [0.4, 0.45]: 273 / 1211
[74, 76]; [0.45, 0.5]: 277 / 1312
[74, 76]; [0.5, 0.55]: 285 / 1375
[74, 76]; [0.55, 0.6]: 290 / 1324
[74, 76]; [0.6, 0.65]: 290 / 1418
[74, 76]; [0.65, 0.7]: 315 / 1488
[74, 76]; [0.7, 0.75]: 338 / 1427
[74, 76]; [0.75, 0.8]: 301 / 1539
[74, 76]; [0.8, 0.85]: 342 / 1493
[74, 76]; [0.85, 0.9]: 27 / 132
[74, 76]; [0.9, 0.95]: 0 / 0
[74, 76]; [0.95, 1]: 0 / 0

[76, 78]; [-1, -0.95]: 0 / 0
[76, 78]; [-0.95, -0.9]: 0 / 0
[76, 78]; [-0.9, -0.85]: 53 / 174
[76, 78]; [-0.85, -0.8]: 276 / 1295
[76, 78]; [-0.8, -0.75]: 257 / 1294
[76, 78]; [-0.75, -0.7]: 279 / 1234
[76, 78]; [-0.7, -0.65]: 252 / 1276
[76, 78]; [-0.65, -0.6]: 247 / 1226
[76, 78]; [-0.6, -0.55]: 213 / 1132
[76, 78]; [-0.55, -0.5]: 241 / 1168
[76, 78]; [-0.5, -0.45]: 223 / 1150
[76, 78]; [-0.45, -0.4]: 199 / 1080
[76, 78]; [-0.4, -0.35]: 258 / 993
[76, 78]; [-0.35, -0.3]: 212 / 1058
[76, 78]; [-0.3, -0.25]: 186 / 1019
[76, 78]; [-0.25, -0.2]: 199 / 1047
[76, 78]; [-0.2, -0.15]: 192 / 982
[76, 78]; [-0.15, -0.1]: 186 / 991
[76, 78]; [-0.1, -0.05]: 200 / 1013
[76, 78]; [-0.05, 0]: 194 / 1037
[76, 78]; [0, 0.05]: 199 / 1016
[76, 78]; [0.05, 0.1]: 206 / 977
[76, 78]; [0.1, 0.15]: 201 / 1072
[76, 78]; [0.15, 0.2]: 211 / 995
[76, 78]; [0.2, 0.25]: 197 / 1038
[76, 78]; [0.25, 0.3]: 203 / 1058
[76, 78]; [0.3, 0.35]: 210 / 1020
[76, 78]; [0.35, 0.4]: 223 / 1055
[76, 78]; [0.4, 0.45]: 208 / 1086
[76, 78]; [0.45, 0.5]: 208 / 1145
[76, 78]; [0.5, 0.55]: 247 / 1205
[76, 78]; [0.55, 0.6]: 240 / 1162
[76, 78]; [0.6, 0.65]: 271 / 1258
[76, 78]; [0.65, 0.7]: 283 / 1311
[76, 78]; [0.7, 0.75]: 255 / 1227
[76, 78]; [0.75, 0.8]: 300 / 1365
[76, 78]; [0.8, 0.85]: 274 / 1317
[76, 78]; [0.85, 0.9]: 41 / 201
[76, 78]; [0.9, 0.95]: 0 / 0
[76, 78]; [0.95, 1]: 0 / 0

[78, 80]; [-1, -0.95]: 0 / 0
[78, 80]; [-0.95, -0.9]: 0 / 0
[78, 80]; [-0.9, -0.85]: 43 / 241
[78, 80]; [-0.85, -0.8]: 237 / 1174
[78, 80]; [-0.8, -0.75]: 252 / 1134
[78, 80]; [-0.75, -0.7]: 195 / 1060
[78, 80]; [-0.7, -0.65]: 217 / 1091
[78, 80]; [-0.65, -0.6]: 216 / 1024
[78, 80]; [-0.6, -0.55]: 214 / 1010
[78, 80]; [-0.55, -0.5]: 190 / 964
[78, 80]; [-0.5, -0.45]: 188 / 958
[78, 80]; [-0.45, -0.4]: 190 / 890
[78, 80]; [-0.4, -0.35]: 195 / 894
[78, 80]; [-0.35, -0.3]: 193 / 922
[78, 80]; [-0.3, -0.25]: 169 / 841
[78, 80]; [-0.25, -0.2]: 164 / 879
[78, 80]; [-0.2, -0.15]: 143 / 865
[78, 80]; [-0.15, -0.1]: 165 / 853
[78, 80]; [-0.1, -0.05]: 165 / 885
[78, 80]; [-0.05, 0]: 165 / 894
[78, 80]; [0, 0.05]: 172 / 871
[78, 80]; [0.05, 0.1]: 192 / 875
[78, 80]; [0.1, 0.15]: 177 / 867
[78, 80]; [0.15, 0.2]: 161 / 873
[78, 80]; [0.2, 0.25]: 168 / 906
[78, 80]; [0.25, 0.3]: 171 / 896
[78, 80]; [0.3, 0.35]: 195 / 874
[78, 80]; [0.35, 0.4]: 189 / 850
[78, 80]; [0.4, 0.45]: 199 / 891
[78, 80]; [0.45, 0.5]: 181 / 989
[78, 80]; [0.5, 0.55]: 208 / 989
[78, 80]; [0.55, 0.6]: 193 / 1082
[78, 80]; [0.6, 0.65]: 223 / 1079
[78, 80]; [0.65, 0.7]: 221 / 1063
[78, 80]; [0.7, 0.75]: 251 / 1083
[78, 80]; [0.75, 0.8]: 225 / 1104
[78, 80]; [0.8, 0.85]: 250 / 1171
[78, 80]; [0.85, 0.9]: 50 / 249
[78, 80]; [0.9, 0.95]: 0 / 0
[78, 80]; [0.95, 1]: 0 / 0

[80, 82]; [-1, -0.95]: 0 / 0
[80, 82]; [-0.95, -0.9]: 0 / 0
[80, 82]; [-0.9, -0.85]: 50 / 228
[80, 82]; [-0.85, -0.8]: 200 / 1037
[80, 82]; [-0.8, -0.75]: 209 / 981
[80, 82]; [-0.75, -0.7]: 200 / 921
[80, 82]; [-0.7, -0.65]: 168 / 884
[80, 82]; [-0.65, -0.6]: 196 / 898
[80, 82]; [-0.6, -0.55]: 156 / 806
[80, 82]; [-0.55, -0.5]: 156 / 876
[80, 82]; [-0.5, -0.45]: 184 / 833
[80, 82]; [-0.45, -0.4]: 175 / 764
[80, 82]; [-0.4, -0.35]: 152 / 786
[80, 82]; [-0.35, -0.3]: 131 / 815
[80, 82]; [-0.3, -0.25]: 134 / 752
[80, 82]; [-0.25, -0.2]: 140 / 714
[80, 82]; [-0.2, -0.15]: 154 / 746
[80, 82]; [-0.15, -0.1]: 151 / 730
[80, 82]; [-0.1, -0.05]: 163 / 774
[80, 82]; [-0.05, 0]: 140 / 757
[80, 82]; [0, 0.05]: 133 / 790
[80, 82]; [0.05, 0.1]: 135 / 796
[80, 82]; [0.1, 0.15]: 175 / 778
[80, 82]; [0.15, 0.2]: 149 / 758
[80, 82]; [0.2, 0.25]: 142 / 776
[80, 82]; [0.25, 0.3]: 150 / 714
[80, 82]; [0.3, 0.35]: 142 / 754
[80, 82]; [0.35, 0.4]: 185 / 797
[80, 82]; [0.4, 0.45]: 151 / 847
[80, 82]; [0.45, 0.5]: 177 / 824
[80, 82]; [0.5, 0.55]: 157 / 826
[80, 82]; [0.55, 0.6]: 178 / 868
[80, 82]; [0.6, 0.65]: 188 / 922
[80, 82]; [0.65, 0.7]: 210 / 935
[80, 82]; [0.7, 0.75]: 179 / 960
[80, 82]; [0.75, 0.8]: 239 / 1015
[80, 82]; [0.8, 0.85]: 200 / 1016
[80, 82]; [0.85, 0.9]: 59 / 288
[80, 82]; [0.9, 0.95]: 0 / 0
[80, 82]; [0.95, 1]: 0 / 0

[82, 84]; [-1, -0.95]: 0 / 0
[82, 84]; [-0.95, -0.9]: 0 / 0
[82, 84]; [-0.9, -0.85]: 58 / 279
[82, 84]; [-0.85, -0.8]: 165 / 849
[82, 84]; [-0.8, -0.75]: 190 / 842
[82, 84]; [-0.75, -0.7]: 190 / 850
[82, 84]; [-0.7, -0.65]: 177 / 857
[82, 84]; [-0.65, -0.6]: 165 / 739
[82, 84]; [-0.6, -0.55]: 160 / 799
[82, 84]; [-0.55, -0.5]: 136 / 721
[82, 84]; [-0.5, -0.45]: 138 / 695
[82, 84]; [-0.45, -0.4]: 143 / 681
[82, 84]; [-0.4, -0.35]: 154 / 676
[82, 84]; [-0.35, -0.3]: 165 / 640
[82, 84]; [-0.3, -0.25]: 120 / 709
[82, 84]; [-0.25, -0.2]: 158 / 637
[82, 84]; [-0.2, -0.15]: 127 / 665
[82, 84]; [-0.15, -0.1]: 141 / 708
[82, 84]; [-0.1, -0.05]: 148 / 650
[82, 84]; [-0.05, 0]: 138 / 690
[82, 84]; [0, 0.05]: 140 / 658
[82, 84]; [0.05, 0.1]: 142 / 727
[82, 84]; [0.1, 0.15]: 120 / 683
[82, 84]; [0.15, 0.2]: 102 / 627
[82, 84]; [0.2, 0.25]: 137 / 639
[82, 84]; [0.25, 0.3]: 118 / 684
[82, 84]; [0.3, 0.35]: 119 / 730
[82, 84]; [0.35, 0.4]: 144 / 694
[82, 84]; [0.4, 0.45]: 135 / 669
[82, 84]; [0.45, 0.5]: 140 / 677
[82, 84]; [0.5, 0.55]: 123 / 724
[82, 84]; [0.55, 0.6]: 139 / 770
[82, 84]; [0.6, 0.65]: 156 / 799
[82, 84]; [0.65, 0.7]: 167 / 760
[82, 84]; [0.7, 0.75]: 197 / 756
[82, 84]; [0.75, 0.8]: 204 / 820
[82, 84]; [0.8, 0.85]: 192 / 848
[82, 84]; [0.85, 0.9]: 64 / 320
[82, 84]; [0.9, 0.95]: 0 / 0
[82, 84]; [0.95, 1]: 0 / 0

[84, 86]; [-1, -0.95]: 0 / 0
[84, 86]; [-0.95, -0.9]: 0 / 0
[84, 86]; [-0.9, -0.85]: 49 / 303
[84, 86]; [-0.85, -0.8]: 162 / 767
[84, 86]; [-0.8, -0.75]: 165 / 711
[84, 86]; [-0.75, -0.7]: 132 / 725
[84, 86]; [-0.7, -0.65]: 146 / 668
[84, 86]; [-0.65, -0.6]: 129 / 628
[84, 86]; [-0.6, -0.55]: 153 / 654
[84, 86]; [-0.55, -0.5]: 131 / 657
[84, 86]; [-0.5, -0.45]: 121 / 612
[84, 86]; [-0.45, -0.4]: 133 / 592
[84, 86]; [-0.4, -0.35]: 107 / 565
[84, 86]; [-0.35, -0.3]: 120 / 606
[84, 86]; [-0.3, -0.25]: 127 / 552
[84, 86]; [-0.25, -0.2]: 95 / 557
[84, 86]; [-0.2, -0.15]: 117 / 602
[84, 86]; [-0.15, -0.1]: 139 / 580
[84, 86]; [-0.1, -0.05]: 122 / 560
[84, 86]; [-0.05, 0]: 133 / 573
[84, 86]; [0, 0.05]: 114 / 567
[84, 86]; [0.05, 0.1]: 112 / 556
[84, 86]; [0.1, 0.15]: 101 / 533
[84, 86]; [0.15, 0.2]: 107 / 545
[84, 86]; [0.2, 0.25]: 117 / 547
[84, 86]; [0.25, 0.3]: 112 / 559
[84, 86]; [0.3, 0.35]: 130 / 576
[84, 86]; [0.35, 0.4]: 132 / 606
[84, 86]; [0.4, 0.45]: 133 / 612
[84, 86]; [0.45, 0.5]: 118 / 605
[84, 86]; [0.5, 0.55]: 137 / 608
[84, 86]; [0.55, 0.6]: 156 / 679
[84, 86]; [0.6, 0.65]: 135 / 700
[84, 86]; [0.65, 0.7]: 151 / 675
[84, 86]; [0.7, 0.75]: 137 / 698
[84, 86]; [0.75, 0.8]: 170 / 708
[84, 86]; [0.8, 0.85]: 158 / 773
[84, 86]; [0.85, 0.9]: 77 / 337
[84, 86]; [0.9, 0.95]: 0 / 0
[84, 86]; [0.95, 1]: 0 / 0

[86, 88]; [-1, -0.95]: 0 / 0
[86, 88]; [-0.95, -0.9]: 0 / 0
[86, 88]; [-0.9, -0.85]: 79 / 311
[86, 88]; [-0.85, -0.8]: 132 / 647
[86, 88]; [-0.8, -0.75]: 126 / 706
[86, 88]; [-0.75, -0.7]: 124 / 613
[86, 88]; [-0.7, -0.65]: 132 / 632
[86, 88]; [-0.65, -0.6]: 112 / 583
[86, 88]; [-0.6, -0.55]: 127 / 614
[86, 88]; [-0.55, -0.5]: 129 / 522
[86, 88]; [-0.5, -0.45]: 100 / 558
[86, 88]; [-0.45, -0.4]: 104 / 495
[86, 88]; [-0.4, -0.35]: 88 / 522
[86, 88]; [-0.35, -0.3]: 102 / 496
[86, 88]; [-0.3, -0.25]: 85 / 529
[86, 88]; [-0.25, -0.2]: 78 / 508
[86, 88]; [-0.2, -0.15]: 95 / 487
[86, 88]; [-0.15, -0.1]: 119 / 474
[86, 88]; [-0.1, -0.05]: 98 / 470
[86, 88]; [-0.05, 0]: 123 / 494
[86, 88]; [0, 0.05]: 89 / 465
[86, 88]; [0.05, 0.1]: 98 / 539
[86, 88]; [0.1, 0.15]: 93 / 503
[86, 88]; [0.15, 0.2]: 99 / 485
[86, 88]; [0.2, 0.25]: 105 / 502
[86, 88]; [0.25, 0.3]: 116 / 498
[86, 88]; [0.3, 0.35]: 89 / 533
[86, 88]; [0.35, 0.4]: 115 / 539
[86, 88]; [0.4, 0.45]: 121 / 536
[86, 88]; [0.45, 0.5]: 110 / 502
[86, 88]; [0.5, 0.55]: 90 / 532
[86, 88]; [0.55, 0.6]: 107 / 556
[86, 88]; [0.6, 0.65]: 113 / 576
[86, 88]; [0.65, 0.7]: 141 / 620
[86, 88]; [0.7, 0.75]: 119 / 621
[86, 88]; [0.75, 0.8]: 153 / 689
[86, 88]; [0.8, 0.85]: 126 / 695
[86, 88]; [0.85, 0.9]: 59 / 298
[86, 88]; [0.9, 0.95]: 0 / 0
[86, 88]; [0.95, 1]: 0 / 0

[88, 90]; [-1, -0.95]: 0 / 0
[88, 90]; [-0.95, -0.9]: 0 / 0
[88, 90]; [-0.9, -0.85]: 61 / 305
[88, 90]; [-0.85, -0.8]: 130 / 628
[88, 90]; [-0.8, -0.75]: 143 / 541
[88, 90]; [-0.75, -0.7]: 123 / 524
[88, 90]; [-0.7, -0.65]: 119 / 542
[88, 90]; [-0.65, -0.6]: 95 / 527
[88, 90]; [-0.6, -0.55]: 102 / 505
[88, 90]; [-0.55, -0.5]: 115 / 457
[88, 90]; [-0.5, -0.45]: 96 / 434
[88, 90]; [-0.45, -0.4]: 91 / 448
[88, 90]; [-0.4, -0.35]: 84 / 453
[88, 90]; [-0.35, -0.3]: 79 / 466
[88, 90]; [-0.3, -0.25]: 86 / 427
[88, 90]; [-0.25, -0.2]: 87 / 446
[88, 90]; [-0.2, -0.15]: 101 / 439
[88, 90]; [-0.15, -0.1]: 86 / 445
[88, 90]; [-0.1, -0.05]: 77 / 442
[88, 90]; [-0.05, 0]: 64 / 406
[88, 90]; [0, 0.05]: 84 / 473
[88, 90]; [0.05, 0.1]: 83 / 434
[88, 90]; [0.1, 0.15]: 106 / 380
[88, 90]; [0.15, 0.2]: 63 / 458
[88, 90]; [0.2, 0.25]: 94 / 485
[88, 90]; [0.25, 0.3]: 84 / 425
[88, 90]; [0.3, 0.35]: 86 / 456
[88, 90]; [0.35, 0.4]: 80 / 446
[88, 90]; [0.4, 0.45]: 93 / 480
[88, 90]; [0.45, 0.5]: 80 / 426
[88, 90]; [0.5, 0.55]: 116 / 460
[88, 90]; [0.55, 0.6]: 108 / 481
[88, 90]; [0.6, 0.65]: 95 / 539
[88, 90]; [0.65, 0.7]: 113 / 514
[88, 90]; [0.7, 0.75]: 98 / 576
[88, 90]; [0.75, 0.8]: 103 / 570
[88, 90]; [0.8, 0.85]: 137 / 627
[88, 90]; [0.85, 0.9]: 71 / 320
[88, 90]; [0.9, 0.95]: 0 / 0
[88, 90]; [0.95, 1]: 0 / 0

[90, 92]; [-1, -0.95]: 0 / 0
[90, 92]; [-0.95, -0.9]: 0 / 0
[90, 92]; [-0.9, -0.85]: 71 / 273
[90, 92]; [-0.85, -0.8]: 130 / 519
[90, 92]; [-0.8, -0.75]: 106 / 487
[90, 92]; [-0.75, -0.7]: 93 / 472
[90, 92]; [-0.7, -0.65]: 92 / 459
[90, 92]; [-0.65, -0.6]: 90 / 487
[90, 92]; [-0.6, -0.55]: 92 / 422
[90, 92]; [-0.55, -0.5]: 82 / 424
[90, 92]; [-0.5, -0.45]: 80 / 410
[90, 92]; [-0.45, -0.4]: 91 / 403
[90, 92]; [-0.4, -0.35]: 74 / 383
[90, 92]; [-0.35, -0.3]: 89 / 373
[90, 92]; [-0.3, -0.25]: 73 / 354
[90, 92]; [-0.25, -0.2]: 83 / 358
[90, 92]; [-0.2, -0.15]: 77 / 372
[90, 92]; [-0.15, -0.1]: 74 / 381
[90, 92]; [-0.1, -0.05]: 61 / 397
[90, 92]; [-0.05, 0]: 62 / 356
[90, 92]; [0, 0.05]: 83 / 395
[90, 92]; [0.05, 0.1]: 80 / 413
[90, 92]; [0.1, 0.15]: 75 / 405
[90, 92]; [0.15, 0.2]: 72 / 406
[90, 92]; [0.2, 0.25]: 70 / 386
[90, 92]; [0.25, 0.3]: 74 / 352
[90, 92]; [0.3, 0.35]: 80 / 375
[90, 92]; [0.35, 0.4]: 73 / 394
[90, 92]; [0.4, 0.45]: 70 / 414
[90, 92]; [0.45, 0.5]: 89 / 420
[90, 92]; [0.5, 0.55]: 91 / 417
[90, 92]; [0.55, 0.6]: 105 / 413
[90, 92]; [0.6, 0.65]: 96 / 461
[90, 92]; [0.65, 0.7]: 94 / 468
[90, 92]; [0.7, 0.75]: 113 / 462
[90, 92]; [0.75, 0.8]: 119 / 530
[90, 92]; [0.8, 0.85]: 117 / 549
[90, 92]; [0.85, 0.9]: 56 / 312
[90, 92]; [0.9, 0.95]: 0 / 0
[90, 92]; [0.95, 1]: 0 / 0

[92, 94]; [-1, -0.95]: 0 / 0
[92, 94]; [-0.95, -0.9]: 0 / 0
[92, 94]; [-0.9, -0.85]: 65 / 280
[92, 94]; [-0.85, -0.8]: 98 / 462
[92, 94]; [-0.8, -0.75]: 82 / 431
[92, 94]; [-0.75, -0.7]: 92 / 469
[92, 94]; [-0.7, -0.65]: 76 / 383
[92, 94]; [-0.65, -0.6]: 78 / 390
[92, 94]; [-0.6, -0.55]: 66 / 351
[92, 94]; [-0.55, -0.5]: 74 / 358
[92, 94]; [-0.5, -0.45]: 63 / 325
[92, 94]; [-0.45, -0.4]: 64 / 320
[92, 94]; [-0.4, -0.35]: 70 / 292
[92, 94]; [-0.35, -0.3]: 75 / 328
[92, 94]; [-0.3, -0.25]: 79 / 305
[92, 94]; [-0.25, -0.2]: 67 / 327
[92, 94]; [-0.2, -0.15]: 61 / 358
[92, 94]; [-0.15, -0.1]: 64 / 345
[92, 94]; [-0.1, -0.05]: 82 / 355
[92, 94]; [-0.05, 0]: 83 / 328
[92, 94]; [0, 0.05]: 70 / 310
[92, 94]; [0.05, 0.1]: 69 / 359
[92, 94]; [0.1, 0.15]: 57 / 345
[92, 94]; [0.15, 0.2]: 57 / 372
[92, 94]; [0.2, 0.25]: 55 / 325
[92, 94]; [0.25, 0.3]: 68 / 321
[92, 94]; [0.3, 0.35]: 71 / 341
[92, 94]; [0.35, 0.4]: 60 / 337
[92, 94]; [0.4, 0.45]: 68 / 380
[92, 94]; [0.45, 0.5]: 70 / 355
[92, 94]; [0.5, 0.55]: 72 / 377
[92, 94]; [0.55, 0.6]: 63 / 391
[92, 94]; [0.6, 0.65]: 104 / 372
[92, 94]; [0.65, 0.7]: 86 / 408
[92, 94]; [0.7, 0.75]: 98 / 422
[92, 94]; [0.75, 0.8]: 85 / 433
[92, 94]; [0.8, 0.85]: 109 / 481
[92, 94]; [0.85, 0.9]: 59 / 311
[92, 94]; [0.9, 0.95]: 0 / 0
[92, 94]; [0.95, 1]: 0 / 0

[94, 96]; [-1, -0.95]: 0 / 0
[94, 96]; [-0.95, -0.9]: 0 / 0
[94, 96]; [-0.9, -0.85]: 62 / 258
[94, 96]; [-0.85, -0.8]: 80 / 402
[94, 96]; [-0.8, -0.75]: 86 / 392
[94, 96]; [-0.75, -0.7]: 69 / 395
[94, 96]; [-0.7, -0.65]: 91 / 335
[94, 96]; [-0.65, -0.6]: 80 / 334
[94, 96]; [-0.6, -0.55]: 65 / 357
[94, 96]; [-0.55, -0.5]: 81 / 299
[94, 96]; [-0.5, -0.45]: 65 / 329
[94, 96]; [-0.45, -0.4]: 66 / 333
[94, 96]; [-0.4, -0.35]: 67 / 288
[94, 96]; [-0.35, -0.3]: 66 / 290
[94, 96]; [-0.3, -0.25]: 52 / 308
[94, 96]; [-0.25, -0.2]: 54 / 277
[94, 96]; [-0.2, -0.15]: 67 / 285
[94, 96]; [-0.15, -0.1]: 59 / 309
[94, 96]; [-0.1, -0.05]: 53 / 295
[94, 96]; [-0.05, 0]: 56 / 312
[94, 96]; [0, 0.05]: 58 / 302
[94, 96]; [0.05, 0.1]: 57 / 312
[94, 96]; [0.1, 0.15]: 62 / 242
[94, 96]; [0.15, 0.2]: 62 / 302
[94, 96]; [0.2, 0.25]: 60 / 308
[94, 96]; [0.25, 0.3]: 60 / 303
[94, 96]; [0.3, 0.35]: 55 / 318
[94, 96]; [0.35, 0.4]: 60 / 346
[94, 96]; [0.4, 0.45]: 56 / 316
[94, 96]; [0.45, 0.5]: 64 / 285
[94, 96]; [0.5, 0.55]: 53 / 289
[94, 96]; [0.55, 0.6]: 66 / 334
[94, 96]; [0.6, 0.65]: 82 / 341
[94, 96]; [0.65, 0.7]: 85 / 344
[94, 96]; [0.7, 0.75]: 70 / 379
[94, 96]; [0.75, 0.8]: 77 / 357
[94, 96]; [0.8, 0.85]: 69 / 385
[94, 96]; [0.85, 0.9]: 58 / 235
[94, 96]; [0.9, 0.95]: 0 / 0
[94, 96]; [0.95, 1]: 0 / 0

[96, 98]; [-1, -0.95]: 0 / 0
[96, 98]; [-0.95, -0.9]: 0 / 0
[96, 98]; [-0.9, -0.85]: 46 / 239
[96, 98]; [-0.85, -0.8]: 89 / 390
[96, 98]; [-0.8, -0.75]: 75 / 345
[96, 98]; [-0.75, -0.7]: 90 / 306
[96, 98]; [-0.7, -0.65]: 57 / 289
[96, 98]; [-0.65, -0.6]: 63 / 305
[96, 98]; [-0.6, -0.55]: 63 / 300
[96, 98]; [-0.55, -0.5]: 55 / 285
[96, 98]; [-0.5, -0.45]: 57 / 274
[96, 98]; [-0.45, -0.4]: 53 / 256
[96, 98]; [-0.4, -0.35]: 53 / 273
[96, 98]; [-0.35, -0.3]: 56 / 231
[96, 98]; [-0.3, -0.25]: 50 / 261
[96, 98]; [-0.25, -0.2]: 55 / 263
[96, 98]; [-0.2, -0.15]: 58 / 271
[96, 98]; [-0.15, -0.1]: 41 / 273
[96, 98]; [-0.1, -0.05]: 50 / 277
[96, 98]; [-0.05, 0]: 67 / 251
[96, 98]; [0, 0.05]: 58 / 262
[96, 98]; [0.05, 0.1]: 49 / 278
[96, 98]; [0.1, 0.15]: 69 / 284
[96, 98]; [0.15, 0.2]: 57 / 268
[96, 98]; [0.2, 0.25]: 51 / 267
[96, 98]; [0.25, 0.3]: 59 / 269
[96, 98]; [0.3, 0.35]: 68 / 251
[96, 98]; [0.35, 0.4]: 49 / 277
[96, 98]; [0.4, 0.45]: 63 / 264
[96, 98]; [0.45, 0.5]: 53 / 280
[96, 98]; [0.5, 0.55]: 68 / 273
[96, 98]; [0.55, 0.6]: 66 / 284
[96, 98]; [0.6, 0.65]: 72 / 328
[96, 98]; [0.65, 0.7]: 61 / 339
[96, 98]; [0.7, 0.75]: 72 / 312
[96, 98]; [0.75, 0.8]: 73 / 337
[96, 98]; [0.8, 0.85]: 80 / 358
[96, 98]; [0.85, 0.9]: 45 / 242
[96, 98]; [0.9, 0.95]: 0 / 0
[96, 98]; [0.95, 1]: 0 / 0

[98, 100]; [-1, -0.95]: 0 / 0
[98, 100]; [-0.95, -0.9]: 0 / 0
[98, 100]; [-0.9, -0.85]: 53 / 251
[98, 100]; [-0.85, -0.8]: 67 / 330
[98, 100]; [-0.8, -0.75]: 53 / 302
[98, 100]; [-0.75, -0.7]: 72 / 267
[98, 100]; [-0.7, -0.65]: 58 / 286
[98, 100]; [-0.65, -0.6]: 49 / 265
[98, 100]; [-0.6, -0.55]: 52 / 253
[98, 100]; [-0.55, -0.5]: 45 / 257
[98, 100]; [-0.5, -0.45]: 42 / 266
[98, 100]; [-0.45, -0.4]: 46 / 230
[98, 100]; [-0.4, -0.35]: 44 / 251
[98, 100]; [-0.35, -0.3]: 43 / 241
[98, 100]; [-0.3, -0.25]: 51 / 228
[98, 100]; [-0.25, -0.2]: 39 / 229
[98, 100]; [-0.2, -0.15]: 55 / 221
[98, 100]; [-0.15, -0.1]: 37 / 253
[98, 100]; [-0.1, -0.05]: 52 / 249
[98, 100]; [-0.05, 0]: 57 / 246
[98, 100]; [0, 0.05]: 53 / 237
[98, 100]; [0.05, 0.1]: 32 / 211
[98, 100]; [0.1, 0.15]: 42 / 248
[98, 100]; [0.15, 0.2]: 52 / 229
[98, 100]; [0.2, 0.25]: 51 / 232
[98, 100]; [0.25, 0.3]: 45 / 212
[98, 100]; [0.3, 0.35]: 38 / 247
[98, 100]; [0.35, 0.4]: 45 / 242
[98, 100]; [0.4, 0.45]: 42 / 211
[98, 100]; [0.45, 0.5]: 54 / 257
[98, 100]; [0.5, 0.55]: 58 / 226
[98, 100]; [0.55, 0.6]: 49 / 271
[98, 100]; [0.6, 0.65]: 57 / 268
[98, 100]; [0.65, 0.7]: 57 / 299
[98, 100]; [0.7, 0.75]: 61 / 312
[98, 100]; [0.75, 0.8]: 66 / 299
[98, 100]; [0.8, 0.85]: 71 / 311
[98, 100]; [0.85, 0.9]: 58 / 245
[98, 100]; [0.9, 0.95]: 0 / 0
[98, 100]; [0.95, 1]: 0 / 0

[100, 102.5]; [-1, -0.95]: 0 / 0
[100, 102.5]; [-0.95, -0.9]: 0 / 1
[100, 102.5]; [-0.9, -0.85]: 68 / 296
[100, 102.5]; [-0.85, -0.8]: 71 / 377
[100, 102.5]; [-0.8, -0.75]: 67 / 303
[100, 102.5]; [-0.75, -0.7]: 67 / 319
[100, 102.5]; [-0.7, -0.65]: 69 / 308
[100, 102.5]; [-0.65, -0.6]: 53 / 244
[100, 102.5]; [-0.6, -0.55]: 70 / 263
[100, 102.5]; [-0.55, -0.5]: 66 / 259
[100, 102.5]; [-0.5, -0.45]: 53 / 254
[100, 102.5]; [-0.45, -0.4]: 38 / 221
[100, 102.5]; [-0.4, -0.35]: 47 / 258
[100, 102.5]; [-0.35, -0.3]: 49 / 257
[100, 102.5]; [-0.3, -0.25]: 50 / 253
[100, 102.5]; [-0.25, -0.2]: 51 / 231
[100, 102.5]; [-0.2, -0.15]: 44 / 259
[100, 102.5]; [-0.15, -0.1]: 54 / 247
[100, 102.5]; [-0.1, -0.05]: 45 / 245
[100, 102.5]; [-0.05, 0]: 39 / 282
[100, 102.5]; [0, 0.05]: 60 / 274
[100, 102.5]; [0.05, 0.1]: 50 / 277
[100, 102.5]; [0.1, 0.15]: 44 / 278
[100, 102.5]; [0.15, 0.2]: 47 / 238
[100, 102.5]; [0.2, 0.25]: 47 / 266
[100, 102.5]; [0.25, 0.3]: 49 / 253
[100, 102.5]; [0.3, 0.35]: 55 / 259
[100, 102.5]; [0.35, 0.4]: 63 / 248
[100, 102.5]; [0.4, 0.45]: 45 / 280
[100, 102.5]; [0.45, 0.5]: 47 / 271
[100, 102.5]; [0.5, 0.55]: 55 / 251
[100, 102.5]; [0.55, 0.6]: 54 / 267
[100, 102.5]; [0.6, 0.65]: 65 / 314
[100, 102.5]; [0.65, 0.7]: 69 / 308
[100, 102.5]; [0.7, 0.75]: 71 / 360
[100, 102.5]; [0.75, 0.8]: 78 / 314
[100, 102.5]; [0.8, 0.85]: 75 / 346
[100, 102.5]; [0.85, 0.9]: 73 / 288
[100, 102.5]; [0.9, 0.95]: 0 / 0
[100, 102.5]; [0.95, 1]: 0 / 0

[102.5, 105]; [-1, -0.95]: 0 / 0
[102.5, 105]; [-0.95, -0.9]: 0 / 5
[102.5, 105]; [-0.9, -0.85]: 64 / 288
[102.5, 105]; [-0.85, -0.8]: 71 / 303
[102.5, 105]; [-0.8, -0.75]: 66 / 322
[102.5, 105]; [-0.75, -0.7]: 58 / 264
[102.5, 105]; [-0.7, -0.65]: 63 / 267
[102.5, 105]; [-0.65, -0.6]: 47 / 222
[102.5, 105]; [-0.6, -0.55]: 55 / 231
[102.5, 105]; [-0.55, -0.5]: 50 / 217
[102.5, 105]; [-0.5, -0.45]: 55 / 243
[102.5, 105]; [-0.45, -0.4]: 51 / 213
[102.5, 105]; [-0.4, -0.35]: 39 / 229
[102.5, 105]; [-0.35, -0.3]: 41 / 201
[102.5, 105]; [-0.3, -0.25]: 61 / 202
[102.5, 105]; [-0.25, -0.2]: 45 / 220
[102.5, 105]; [-0.2, -0.15]: 41 / 251
[102.5, 105]; [-0.15, -0.1]: 54 / 218
[102.5, 105]; [-0.1, -0.05]: 52 / 218
[102.5, 105]; [-0.05, 0]: 41 / 218
[102.5, 105]; [0, 0.05]: 44 / 187
[102.5, 105]; [0.05, 0.1]: 56 / 222
[102.5, 105]; [0.1, 0.15]: 45 / 194
[102.5, 105]; [0.15, 0.2]: 36 / 221
[102.5, 105]; [0.2, 0.25]: 46 / 216
[102.5, 105]; [0.25, 0.3]: 32 / 222
[102.5, 105]; [0.3, 0.35]: 50 / 211
[102.5, 105]; [0.35, 0.4]: 46 / 196
[102.5, 105]; [0.4, 0.45]: 41 / 230
[102.5, 105]; [0.45, 0.5]: 51 / 221
[102.5, 105]; [0.5, 0.55]: 43 / 247
[102.5, 105]; [0.55, 0.6]: 44 / 215
[102.5, 105]; [0.6, 0.65]: 69 / 230
[102.5, 105]; [0.65, 0.7]: 55 / 233
[102.5, 105]; [0.7, 0.75]: 51 / 279
[102.5, 105]; [0.75, 0.8]: 59 / 252
[102.5, 105]; [0.8, 0.85]: 61 / 307
[102.5, 105]; [0.85, 0.9]: 54 / 275
[102.5, 105]; [0.9, 0.95]: 0 / 2
[102.5, 105]; [0.95, 1]: 0 / 0

[105, 107.5]; [-1, -0.95]: 0 / 0
[105, 107.5]; [-0.95, -0.9]: 1 / 4
[105, 107.5]; [-0.9, -0.85]: 68 / 275
[105, 107.5]; [-0.85, -0.8]: 53 / 198
[105, 107.5]; [-0.8, -0.75]: 57 / 227
[105, 107.5]; [-0.75, -0.7]: 49 / 239
[105, 107.5]; [-0.7, -0.65]: 35 / 224
[105, 107.5]; [-0.65, -0.6]: 45 / 199
[105, 107.5]; [-0.6, -0.55]: 40 / 175
[105, 107.5]; [-0.55, -0.5]: 43 / 223
[105, 107.5]; [-0.5, -0.45]: 38 / 204
[105, 107.5]; [-0.45, -0.4]: 45 / 185
[105, 107.5]; [-0.4, -0.35]: 31 / 193
[105, 107.5]; [-0.35, -0.3]: 39 / 166
[105, 107.5]; [-0.3, -0.25]: 35 / 166
[105, 107.5]; [-0.25, -0.2]: 34 / 195
[105, 107.5]; [-0.2, -0.15]: 33 / 198
[105, 107.5]; [-0.15, -0.1]: 28 / 165
[105, 107.5]; [-0.1, -0.05]: 32 / 221
[105, 107.5]; [-0.05, 0]: 32 / 177
[105, 107.5]; [0, 0.05]: 37 / 165
[105, 107.5]; [0.05, 0.1]: 36 / 187
[105, 107.5]; [0.1, 0.15]: 23 / 175
[105, 107.5]; [0.15, 0.2]: 48 / 199
[105, 107.5]; [0.2, 0.25]: 45 / 187
[105, 107.5]; [0.25, 0.3]: 40 / 174
[105, 107.5]; [0.3, 0.35]: 45 / 179
[105, 107.5]; [0.35, 0.4]: 46 / 187
[105, 107.5]; [0.4, 0.45]: 43 / 192
[105, 107.5]; [0.45, 0.5]: 32 / 202
[105, 107.5]; [0.5, 0.55]: 51 / 190
[105, 107.5]; [0.55, 0.6]: 42 / 219
[105, 107.5]; [0.6, 0.65]: 40 / 210
[105, 107.5]; [0.65, 0.7]: 59 / 214
[105, 107.5]; [0.7, 0.75]: 51 / 248
[105, 107.5]; [0.75, 0.8]: 57 / 240
[105, 107.5]; [0.8, 0.85]: 48 / 269
[105, 107.5]; [0.85, 0.9]: 72 / 229
[105, 107.5]; [0.9, 0.95]: 0 / 4
[105, 107.5]; [0.95, 1]: 0 / 0

[107.5, 110]; [-1, -0.95]: 0 / 0
[107.5, 110]; [-0.95, -0.9]: 1 / 7
[107.5, 110]; [-0.9, -0.85]: 54 / 190
[107.5, 110]; [-0.85, -0.8]: 65 / 222
[107.5, 110]; [-0.8, -0.75]: 47 / 197
[107.5, 110]; [-0.75, -0.7]: 46 / 194
[107.5, 110]; [-0.7, -0.65]: 43 / 216
[107.5, 110]; [-0.65, -0.6]: 35 / 191
[107.5, 110]; [-0.6, -0.55]: 32 / 178
[107.5, 110]; [-0.55, -0.5]: 35 / 185
[107.5, 110]; [-0.5, -0.45]: 34 / 165
[107.5, 110]; [-0.45, -0.4]: 32 / 175
[107.5, 110]; [-0.4, -0.35]: 34 / 159
[107.5, 110]; [-0.35, -0.3]: 27 / 161
[107.5, 110]; [-0.3, -0.25]: 41 / 153
[107.5, 110]; [-0.25, -0.2]: 32 / 164
[107.5, 110]; [-0.2, -0.15]: 27 / 162
[107.5, 110]; [-0.15, -0.1]: 37 / 167
[107.5, 110]; [-0.1, -0.05]: 29 / 149
[107.5, 110]; [-0.05, 0]: 42 / 165
[107.5, 110]; [0, 0.05]: 30 / 174
[107.5, 110]; [0.05, 0.1]: 25 / 184
[107.5, 110]; [0.1, 0.15]: 38 / 178
[107.5, 110]; [0.15, 0.2]: 29 / 163
[107.5, 110]; [0.2, 0.25]: 37 / 173
[107.5, 110]; [0.25, 0.3]: 36 / 153
[107.5, 110]; [0.3, 0.35]: 48 / 180
[107.5, 110]; [0.35, 0.4]: 36 / 172
[107.5, 110]; [0.4, 0.45]: 36 / 176
[107.5, 110]; [0.45, 0.5]: 29 / 198
[107.5, 110]; [0.5, 0.55]: 24 / 162
[107.5, 110]; [0.55, 0.6]: 47 / 175
[107.5, 110]; [0.6, 0.65]: 51 / 194
[107.5, 110]; [0.65, 0.7]: 50 / 172
[107.5, 110]; [0.7, 0.75]: 45 / 186
[107.5, 110]; [0.75, 0.8]: 47 / 190
[107.5, 110]; [0.8, 0.85]: 57 / 212
[107.5, 110]; [0.85, 0.9]: 43 / 241
[107.5, 110]; [0.9, 0.95]: 1 / 7
[107.5, 110]; [0.95, 1]: 0 / 0

[110, 112.5]; [-1, -0.95]: 0 / 0
[110, 112.5]; [-0.95, -0.9]: 2 / 12
[110, 112.5]; [-0.9, -0.85]: 43 / 183
[110, 112.5]; [-0.85, -0.8]: 38 / 173
[110, 112.5]; [-0.8, -0.75]: 45 / 172
[110, 112.5]; [-0.75, -0.7]: 36 / 190
[110, 112.5]; [-0.7, -0.65]: 42 / 162
[110, 112.5]; [-0.65, -0.6]: 34 / 166
[110, 112.5]; [-0.6, -0.55]: 35 / 148
[110, 112.5]; [-0.55, -0.5]: 26 / 148
[110, 112.5]; [-0.5, -0.45]: 32 / 155
[110, 112.5]; [-0.45, -0.4]: 28 / 138
[110, 112.5]; [-0.4, -0.35]: 25 / 165
[110, 112.5]; [-0.35, -0.3]: 29 / 137
[110, 112.5]; [-0.3, -0.25]: 27 / 143
[110, 112.5]; [-0.25, -0.2]: 22 / 147
[110, 112.5]; [-0.2, -0.15]: 26 / 160
[110, 112.5]; [-0.15, -0.1]: 35 / 139
[110, 112.5]; [-0.1, -0.05]: 32 / 171
[110, 112.5]; [-0.05, 0]: 28 / 139
[110, 112.5]; [0, 0.05]: 29 / 136
[110, 112.5]; [0.05, 0.1]: 30 / 165
[110, 112.5]; [0.1, 0.15]: 23 / 146
[110, 112.5]; [0.15, 0.2]: 38 / 122
[110, 112.5]; [0.2, 0.25]: 27 / 130
[110, 112.5]; [0.25, 0.3]: 30 / 159
[110, 112.5]; [0.3, 0.35]: 32 / 140
[110, 112.5]; [0.35, 0.4]: 33 / 147
[110, 112.5]; [0.4, 0.45]: 39 / 146
[110, 112.5]; [0.45, 0.5]: 31 / 136
[110, 112.5]; [0.5, 0.55]: 35 / 180
[110, 112.5]; [0.55, 0.6]: 33 / 175
[110, 112.5]; [0.6, 0.65]: 41 / 168
[110, 112.5]; [0.65, 0.7]: 30 / 161
[110, 112.5]; [0.7, 0.75]: 45 / 189
[110, 112.5]; [0.75, 0.8]: 51 / 173
[110, 112.5]; [0.8, 0.85]: 43 / 173
[110, 112.5]; [0.85, 0.9]: 51 / 187
[110, 112.5]; [0.9, 0.95]: 3 / 9
[110, 112.5]; [0.95, 1]: 0 / 0

[112.5, 115]; [-1, -0.95]: 0 / 0
[112.5, 115]; [-0.95, -0.9]: 7 / 17
[112.5, 115]; [-0.9, -0.85]: 48 / 161
[112.5, 115]; [-0.85, -0.8]: 24 / 176
[112.5, 115]; [-0.8, -0.75]: 31 / 160
[112.5, 115]; [-0.75, -0.7]: 33 / 147
[112.5, 115]; [-0.7, -0.65]: 37 / 161
[112.5, 115]; [-0.65, -0.6]: 27 / 133
[112.5, 115]; [-0.6, -0.55]: 37 / 125
[112.5, 115]; [-0.55, -0.5]: 29 / 137
[112.5, 115]; [-0.5, -0.45]: 29 / 133
[112.5, 115]; [-0.45, -0.4]: 18 / 142
[112.5, 115]; [-0.4, -0.35]: 23 / 132
[112.5, 115]; [-0.35, -0.3]: 23 / 131
[112.5, 115]; [-0.3, -0.25]: 31 / 116
[112.5, 115]; [-0.25, -0.2]: 29 / 119
[112.5, 115]; [-0.2, -0.15]: 25 / 112
[112.5, 115]; [-0.15, -0.1]: 17 / 146
[112.5, 115]; [-0.1, -0.05]: 35 / 143
[112.5, 115]; [-0.05, 0]: 21 / 119
[112.5, 115]; [0, 0.05]: 17 / 118
[112.5, 115]; [0.05, 0.1]: 22 / 119
[112.5, 115]; [0.1, 0.15]: 31 / 130
[112.5, 115]; [0.15, 0.2]: 28 / 119
[112.5, 115]; [0.2, 0.25]: 35 / 131
[112.5, 115]; [0.25, 0.3]: 36 / 127
[112.5, 115]; [0.3, 0.35]: 34 / 127
[112.5, 115]; [0.35, 0.4]: 22 / 132
[112.5, 115]; [0.4, 0.45]: 31 / 126
[112.5, 115]; [0.45, 0.5]: 24 / 130
[112.5, 115]; [0.5, 0.55]: 27 / 111
[112.5, 115]; [0.55, 0.6]: 29 / 120
[112.5, 115]; [0.6, 0.65]: 26 / 143
[112.5, 115]; [0.65, 0.7]: 36 / 148
[112.5, 115]; [0.7, 0.75]: 27 / 151
[112.5, 115]; [0.75, 0.8]: 27 / 153
[112.5, 115]; [0.8, 0.85]: 31 / 171
[112.5, 115]; [0.85, 0.9]: 40 / 174
[112.5, 115]; [0.9, 0.95]: 2 / 20
[112.5, 115]; [0.95, 1]: 0 / 0

[115, 117.5]; [-1, -0.95]: 0 / 0
[115, 117.5]; [-0.95, -0.9]: 7 / 11
[115, 117.5]; [-0.9, -0.85]: 35 / 148
[115, 117.5]; [-0.85, -0.8]: 28 / 153
[115, 117.5]; [-0.8, -0.75]: 36 / 119
[115, 117.5]; [-0.75, -0.7]: 25 / 131
[115, 117.5]; [-0.7, -0.65]: 30 / 112
[115, 117.5]; [-0.65, -0.6]: 28 / 117
[115, 117.5]; [-0.6, -0.55]: 25 / 125
[115, 117.5]; [-0.55, -0.5]: 16 / 117
[115, 117.5]; [-0.5, -0.45]: 22 / 126
[115, 117.5]; [-0.45, -0.4]: 29 / 110
[115, 117.5]; [-0.4, -0.35]: 25 / 103
[115, 117.5]; [-0.35, -0.3]: 16 / 107
[115, 117.5]; [-0.3, -0.25]: 22 / 102
[115, 117.5]; [-0.25, -0.2]: 26 / 125
[115, 117.5]; [-0.2, -0.15]: 27 / 118
[115, 117.5]; [-0.15, -0.1]: 16 / 91
[115, 117.5]; [-0.1, -0.05]: 26 / 110
[115, 117.5]; [-0.05, 0]: 21 / 96
[115, 117.5]; [0, 0.05]: 29 / 120
[115, 117.5]; [0.05, 0.1]: 19 / 109
[115, 117.5]; [0.1, 0.15]: 20 / 106
[115, 117.5]; [0.15, 0.2]: 24 / 120
[115, 117.5]; [0.2, 0.25]: 19 / 107
[115, 117.5]; [0.25, 0.3]: 25 / 101
[115, 117.5]; [0.3, 0.35]: 16 / 120
[115, 117.5]; [0.35, 0.4]: 20 / 113
[115, 117.5]; [0.4, 0.45]: 22 / 120
[115, 117.5]; [0.45, 0.5]: 17 / 98
[115, 117.5]; [0.5, 0.55]: 22 / 108
[115, 117.5]; [0.55, 0.6]: 29 / 103
[115, 117.5]; [0.6, 0.65]: 33 / 112
[115, 117.5]; [0.65, 0.7]: 23 / 133
[115, 117.5]; [0.7, 0.75]: 33 / 141
[115, 117.5]; [0.75, 0.8]: 29 / 151
[115, 117.5]; [0.8, 0.85]: 31 / 156
[115, 117.5]; [0.85, 0.9]: 36 / 145
[115, 117.5]; [0.9, 0.95]: 1 / 24
[115, 117.5]; [0.95, 1]: 0 / 0

[117.5, 120]; [-1, -0.95]: 0 / 0
[117.5, 120]; [-0.95, -0.9]: 5 / 18
[117.5, 120]; [-0.9, -0.85]: 35 / 142
[117.5, 120]; [-0.85, -0.8]: 25 / 129
[117.5, 120]; [-0.8, -0.75]: 35 / 107
[117.5, 120]; [-0.75, -0.7]: 28 / 121
[117.5, 120]; [-0.7, -0.65]: 17 / 116
[117.5, 120]; [-0.65, -0.6]: 30 / 103
[117.5, 120]; [-0.6, -0.55]: 9 / 116
[117.5, 120]; [-0.55, -0.5]: 27 / 113
[117.5, 120]; [-0.5, -0.45]: 22 / 107
[117.5, 120]; [-0.45, -0.4]: 26 / 103
[117.5, 120]; [-0.4, -0.35]: 20 / 108
[117.5, 120]; [-0.35, -0.3]: 23 / 89
[117.5, 120]; [-0.3, -0.25]: 22 / 111
[117.5, 120]; [-0.25, -0.2]: 29 / 114
[117.5, 120]; [-0.2, -0.15]: 18 / 101
[117.5, 120]; [-0.15, -0.1]: 23 / 105
[117.5, 120]; [-0.1, -0.05]: 14 / 90
[117.5, 120]; [-0.05, 0]: 19 / 82
[117.5, 120]; [0, 0.05]: 21 / 90
[117.5, 120]; [0.05, 0.1]: 16 / 92
[117.5, 120]; [0.1, 0.15]: 27 / 90
[117.5, 120]; [0.15, 0.2]: 26 / 97
[117.5, 120]; [0.2, 0.25]: 21 / 80
[117.5, 120]; [0.25, 0.3]: 26 / 99
[117.5, 120]; [0.3, 0.35]: 23 / 82
[117.5, 120]; [0.35, 0.4]: 22 / 96
[117.5, 120]; [0.4, 0.45]: 18 / 100
[117.5, 120]; [0.45, 0.5]: 23 / 108
[117.5, 120]; [0.5, 0.55]: 28 / 103
[117.5, 120]; [0.55, 0.6]: 19 / 116
[117.5, 120]; [0.6, 0.65]: 25 / 101
[117.5, 120]; [0.65, 0.7]: 26 / 108
[117.5, 120]; [0.7, 0.75]: 23 / 106
[117.5, 120]; [0.75, 0.8]: 29 / 117
[117.5, 120]; [0.8, 0.85]: 24 / 121
[117.5, 120]; [0.85, 0.9]: 37 / 138
[117.5, 120]; [0.9, 0.95]: 6 / 24
[117.5, 120]; [0.95, 1]: 0 / 0

[120, 122.5]; [-1, -0.95]: 0 / 0
[120, 122.5]; [-0.95, -0.9]: 8 / 25
[120, 122.5]; [-0.9, -0.85]: 25 / 130
[120, 122.5]; [-0.85, -0.8]: 23 / 113
[120, 122.5]; [-0.8, -0.75]: 28 / 114
[120, 122.5]; [-0.75, -0.7]: 26 / 105
[120, 122.5]; [-0.7, -0.65]: 14 / 88
[120, 122.5]; [-0.65, -0.6]: 20 / 89
[120, 122.5]; [-0.6, -0.55]: 20 / 94
[120, 122.5]; [-0.55, -0.5]: 14 / 83
[120, 122.5]; [-0.5, -0.45]: 19 / 87
[120, 122.5]; [-0.45, -0.4]: 14 / 88
[120, 122.5]; [-0.4, -0.35]: 15 / 105
[120, 122.5]; [-0.35, -0.3]: 20 / 70
[120, 122.5]; [-0.3, -0.25]: 15 / 88
[120, 122.5]; [-0.25, -0.2]: 19 / 70
[120, 122.5]; [-0.2, -0.15]: 15 / 81
[120, 122.5]; [-0.15, -0.1]: 15 / 77
[120, 122.5]; [-0.1, -0.05]: 19 / 77
[120, 122.5]; [-0.05, 0]: 13 / 97
[120, 122.5]; [0, 0.05]: 18 / 81
[120, 122.5]; [0.05, 0.1]: 14 / 99
[120, 122.5]; [0.1, 0.15]: 18 / 81
[120, 122.5]; [0.15, 0.2]: 32 / 86
[120, 122.5]; [0.2, 0.25]: 11 / 92
[120, 122.5]; [0.25, 0.3]: 14 / 95
[120, 122.5]; [0.3, 0.35]: 17 / 74
[120, 122.5]; [0.35, 0.4]: 14 / 79
[120, 122.5]; [0.4, 0.45]: 21 / 91
[120, 122.5]; [0.45, 0.5]: 22 / 81
[120, 122.5]; [0.5, 0.55]: 17 / 90
[120, 122.5]; [0.55, 0.6]: 24 / 79
[120, 122.5]; [0.6, 0.65]: 22 / 107
[120, 122.5]; [0.65, 0.7]: 15 / 90
[120, 122.5]; [0.7, 0.75]: 26 / 100
[120, 122.5]; [0.75, 0.8]: 14 / 119
[120, 122.5]; [0.8, 0.85]: 26 / 124
[120, 122.5]; [0.85, 0.9]: 31 / 115
[120, 122.5]; [0.9, 0.95]: 3 / 29
[120, 122.5]; [0.95, 1]: 0 / 0

[122.5, 125]; [-1, -0.95]: 0 / 0
[122.5, 125]; [-0.95, -0.9]: 4 / 23
[122.5, 125]; [-0.9, -0.85]: 20 / 101
[122.5, 125]; [-0.85, -0.8]: 32 / 114
[122.5, 125]; [-0.8, -0.75]: 24 / 80
[122.5, 125]; [-0.75, -0.7]: 13 / 90
[122.5, 125]; [-0.7, -0.65]: 20 / 82
[122.5, 125]; [-0.65, -0.6]: 22 / 61
[122.5, 125]; [-0.6, -0.55]: 21 / 80
[122.5, 125]; [-0.55, -0.5]: 15 / 85
[122.5, 125]; [-0.5, -0.45]: 15 / 66
[122.5, 125]; [-0.45, -0.4]: 21 / 78
[122.5, 125]; [-0.4, -0.35]: 14 / 62
[122.5, 125]; [-0.35, -0.3]: 12 / 67
[122.5, 125]; [-0.3, -0.25]: 10 / 72
[122.5, 125]; [-0.25, -0.2]: 15 / 70
[122.5, 125]; [-0.2, -0.15]: 15 / 60
[122.5, 125]; [-0.15, -0.1]: 18 / 65
[122.5, 125]; [-0.1, -0.05]: 16 / 64
[122.5, 125]; [-0.05, 0]: 23 / 69
[122.5, 125]; [0, 0.05]: 16 / 79
[122.5, 125]; [0.05, 0.1]: 15 / 75
[122.5, 125]; [0.1, 0.15]: 20 / 87
[122.5, 125]; [0.15, 0.2]: 14 / 82
[122.5, 125]; [0.2, 0.25]: 5 / 68
[122.5, 125]; [0.25, 0.3]: 11 / 78
[122.5, 125]; [0.3, 0.35]: 14 / 72
[122.5, 125]; [0.35, 0.4]: 13 / 95
[122.5, 125]; [0.4, 0.45]: 17 / 83
[122.5, 125]; [0.45, 0.5]: 14 / 82
[122.5, 125]; [0.5, 0.55]: 22 / 100
[122.5, 125]; [0.55, 0.6]: 24 / 93
[122.5, 125]; [0.6, 0.65]: 12 / 82
[122.5, 125]; [0.65, 0.7]: 17 / 83
[122.5, 125]; [0.7, 0.75]: 12 / 88
[122.5, 125]; [0.75, 0.8]: 18 / 119
[122.5, 125]; [0.8, 0.85]: 21 / 92
[122.5, 125]; [0.85, 0.9]: 19 / 104
[122.5, 125]; [0.9, 0.95]: 4 / 16
[122.5, 125]; [0.95, 1]: 0 / 0

[125, 127.5]; [-1, -0.95]: 0 / 0
[125, 127.5]; [-0.95, -0.9]: 4 / 22
[125, 127.5]; [-0.9, -0.85]: 14 / 84
[125, 127.5]; [-0.85, -0.8]: 28 / 95
[125, 127.5]; [-0.8, -0.75]: 26 / 68
[125, 127.5]; [-0.75, -0.7]: 19 / 90
[125, 127.5]; [-0.7, -0.65]: 11 / 86
[125, 127.5]; [-0.65, -0.6]: 15 / 76
[125, 127.5]; [-0.6, -0.55]: 15 / 71
[125, 127.5]; [-0.55, -0.5]: 13 / 59
[125, 127.5]; [-0.5, -0.45]: 11 / 60
[125, 127.5]; [-0.45, -0.4]: 12 / 57
[125, 127.5]; [-0.4, -0.35]: 14 / 65
[125, 127.5]; [-0.35, -0.3]: 11 / 79
[125, 127.5]; [-0.3, -0.25]: 15 / 63
[125, 127.5]; [-0.25, -0.2]: 11 / 66
[125, 127.5]; [-0.2, -0.15]: 15 / 69
[125, 127.5]; [-0.15, -0.1]: 16 / 71
[125, 127.5]; [-0.1, -0.05]: 12 / 80
[125, 127.5]; [-0.05, 0]: 14 / 77
[125, 127.5]; [0, 0.05]: 8 / 69
[125, 127.5]; [0.05, 0.1]: 16 / 67
[125, 127.5]; [0.1, 0.15]: 11 / 69
[125, 127.5]; [0.15, 0.2]: 19 / 64
[125, 127.5]; [0.2, 0.25]: 14 / 58
[125, 127.5]; [0.25, 0.3]: 15 / 62
[125, 127.5]; [0.3, 0.35]: 10 / 76
[125, 127.5]; [0.35, 0.4]: 12 / 75
[125, 127.5]; [0.4, 0.45]: 8 / 74
[125, 127.5]; [0.45, 0.5]: 10 / 66
[125, 127.5]; [0.5, 0.55]: 9 / 60
[125, 127.5]; [0.55, 0.6]: 12 / 84
[125, 127.5]; [0.6, 0.65]: 11 / 66
[125, 127.5]; [0.65, 0.7]: 14 / 63
[125, 127.5]; [0.7, 0.75]: 18 / 84
[125, 127.5]; [0.75, 0.8]: 18 / 85
[125, 127.5]; [0.8, 0.85]: 14 / 65
[125, 127.5]; [0.85, 0.9]: 19 / 89
[125, 127.5]; [0.9, 0.95]: 10 / 25
[125, 127.5]; [0.95, 1]: 0 / 0

[127.5, 130]; [-1, -0.95]: 0 / 0
[127.5, 130]; [-0.95, -0.9]: 7 / 27
[127.5, 130]; [-0.9, -0.85]: 16 / 85
[127.5, 130]; [-0.85, -0.8]: 19 / 80
[127.5, 130]; [-0.8, -0.75]: 20 / 69
[127.5, 130]; [-0.75, -0.7]: 15 / 71
[127.5, 130]; [-0.7, -0.65]: 14 / 87
[127.5, 130]; [-0.65, -0.6]: 15 / 58
[127.5, 130]; [-0.6, -0.55]: 12 / 69
[127.5, 130]; [-0.55, -0.5]: 11 / 52
[127.5, 130]; [-0.5, -0.45]: 15 / 54
[127.5, 130]; [-0.45, -0.4]: 6 / 68
[127.5, 130]; [-0.4, -0.35]: 15 / 76
[127.5, 130]; [-0.35, -0.3]: 14 / 48
[127.5, 130]; [-0.3, -0.25]: 9 / 58
[127.5, 130]; [-0.25, -0.2]: 9 / 67
[127.5, 130]; [-0.2, -0.15]: 18 / 49
[127.5, 130]; [-0.15, -0.1]: 13 / 52
[127.5, 130]; [-0.1, -0.05]: 19 / 48
[127.5, 130]; [-0.05, 0]: 17 / 68
[127.5, 130]; [0, 0.05]: 12 / 62
[127.5, 130]; [0.05, 0.1]: 13 / 56
[127.5, 130]; [0.1, 0.15]: 17 / 58
[127.5, 130]; [0.15, 0.2]: 14 / 58
[127.5, 130]; [0.2, 0.25]: 14 / 63
[127.5, 130]; [0.25, 0.3]: 17 / 60
[127.5, 130]; [0.3, 0.35]: 14 / 55
[127.5, 130]; [0.35, 0.4]: 15 / 64
[127.5, 130]; [0.4, 0.45]: 9 / 50
[127.5, 130]; [0.45, 0.5]: 9 / 59
[127.5, 130]; [0.5, 0.55]: 14 / 66
[127.5, 130]; [0.55, 0.6]: 13 / 55
[127.5, 130]; [0.6, 0.65]: 13 / 65
[127.5, 130]; [0.65, 0.7]: 16 / 73
[127.5, 130]; [0.7, 0.75]: 23 / 91
[127.5, 130]; [0.75, 0.8]: 14 / 85
[127.5, 130]; [0.8, 0.85]: 14 / 90
[127.5, 130]; [0.85, 0.9]: 12 / 76
[127.5, 130]; [0.9, 0.95]: 6 / 20
[127.5, 130]; [0.95, 1]: 0 / 0

[130, 132.5]; [-1, -0.95]: 0 / 0
[130, 132.5]; [-0.95, -0.9]: 6 / 19
[130, 132.5]; [-0.9, -0.85]: 19 / 67
[130, 132.5]; [-0.85, -0.8]: 14 / 65
[130, 132.5]; [-0.8, -0.75]: 17 / 67
[130, 132.5]; [-0.75, -0.7]: 15 / 53
[130, 132.5]; [-0.7, -0.65]: 16 / 58
[130, 132.5]; [-0.65, -0.6]: 14 / 54
[130, 132.5]; [-0.6, -0.55]: 7 / 67
[130, 132.5]; [-0.55, -0.5]: 13 / 59
[130, 132.5]; [-0.5, -0.45]: 16 / 48
[130, 132.5]; [-0.45, -0.4]: 5 / 51
[130, 132.5]; [-0.4, -0.35]: 10 / 61
[130, 132.5]; [-0.35, -0.3]: 6 / 58
[130, 132.5]; [-0.3, -0.25]: 12 / 41
[130, 132.5]; [-0.25, -0.2]: 9 / 41
[130, 132.5]; [-0.2, -0.15]: 8 / 56
[130, 132.5]; [-0.15, -0.1]: 9 / 41
[130, 132.5]; [-0.1, -0.05]: 10 / 49
[130, 132.5]; [-0.05, 0]: 13 / 51
[130, 132.5]; [0, 0.05]: 13 / 58
[130, 132.5]; [0.05, 0.1]: 6 / 63
[130, 132.5]; [0.1, 0.15]: 12 / 42
[130, 132.5]; [0.15, 0.2]: 12 / 57
[130, 132.5]; [0.2, 0.25]: 7 / 41
[130, 132.5]; [0.25, 0.3]: 11 / 63
[130, 132.5]; [0.3, 0.35]: 12 / 53
[130, 132.5]; [0.35, 0.4]: 15 / 58
[130, 132.5]; [0.4, 0.45]: 11 / 55
[130, 132.5]; [0.45, 0.5]: 5 / 52
[130, 132.5]; [0.5, 0.55]: 20 / 66
[130, 132.5]; [0.55, 0.6]: 16 / 64
[130, 132.5]; [0.6, 0.65]: 15 / 57
[130, 132.5]; [0.65, 0.7]: 15 / 61
[130, 132.5]; [0.7, 0.75]: 14 / 55
[130, 132.5]; [0.75, 0.8]: 8 / 64
[130, 132.5]; [0.8, 0.85]: 15 / 66
[130, 132.5]; [0.85, 0.9]: 23 / 65
[130, 132.5]; [0.9, 0.95]: 3 / 23
[130, 132.5]; [0.95, 1]: 0 / 0

[132.5, 135]; [-1, -0.95]: 0 / 0
[132.5, 135]; [-0.95, -0.9]: 7 / 23
[132.5, 135]; [-0.9, -0.85]: 22 / 58
[132.5, 135]; [-0.85, -0.8]: 10 / 55
[132.5, 135]; [-0.8, -0.75]: 16 / 55
[132.5, 135]; [-0.75, -0.7]: 12 / 55
[132.5, 135]; [-0.7, -0.65]: 15 / 64
[132.5, 135]; [-0.65, -0.6]: 12 / 50
[132.5, 135]; [-0.6, -0.55]: 9 / 45
[132.5, 135]; [-0.55, -0.5]: 11 / 54
[132.5, 135]; [-0.5, -0.45]: 13 / 40
[132.5, 135]; [-0.45, -0.4]: 12 / 65
[132.5, 135]; [-0.4, -0.35]: 11 / 51
[132.5, 135]; [-0.35, -0.3]: 6 / 43
[132.5, 135]; [-0.3, -0.25]: 12 / 47
[132.5, 135]; [-0.25, -0.2]: 5 / 40
[132.5, 135]; [-0.2, -0.15]: 10 / 41
[132.5, 135]; [-0.15, -0.1]: 3 / 44
[132.5, 135]; [-0.1, -0.05]: 12 / 56
[132.5, 135]; [-0.05, 0]: 11 / 59
[132.5, 135]; [0, 0.05]: 4 / 53
[132.5, 135]; [0.05, 0.1]: 10 / 47
[132.5, 135]; [0.1, 0.15]: 10 / 43
[132.5, 135]; [0.15, 0.2]: 12 / 57
[132.5, 135]; [0.2, 0.25]: 11 / 49
[132.5, 135]; [0.25, 0.3]: 16 / 34
[132.5, 135]; [0.3, 0.35]: 15 / 47
[132.5, 135]; [0.35, 0.4]: 13 / 41
[132.5, 135]; [0.4, 0.45]: 7 / 58
[132.5, 135]; [0.45, 0.5]: 15 / 46
[132.5, 135]; [0.5, 0.55]: 7 / 53
[132.5, 135]; [0.55, 0.6]: 9 / 45
[132.5, 135]; [0.6, 0.65]: 7 / 56
[132.5, 135]; [0.65, 0.7]: 8 / 68
[132.5, 135]; [0.7, 0.75]: 17 / 61
[132.5, 135]; [0.75, 0.8]: 17 / 55
[132.5, 135]; [0.8, 0.85]: 15 / 63
[132.5, 135]; [0.85, 0.9]: 19 / 79
[132.5, 135]; [0.9, 0.95]: 5 / 26
[132.5, 135]; [0.95, 1]: 0 / 0

[135, 140]; [-1, -0.95]: 0 / 0
[135, 140]; [-0.95, -0.9]: 18 / 57
[135, 140]; [-0.9, -0.85]: 21 / 132
[135, 140]; [-0.85, -0.8]: 21 / 116
[135, 140]; [-0.8, -0.75]: 27 / 94
[135, 140]; [-0.75, -0.7]: 20 / 92
[135, 140]; [-0.7, -0.65]: 16 / 98
[135, 140]; [-0.65, -0.6]: 21 / 81
[135, 140]; [-0.6, -0.55]: 17 / 87
[135, 140]; [-0.55, -0.5]: 18 / 93
[135, 140]; [-0.5, -0.45]: 18 / 83
[135, 140]; [-0.45, -0.4]: 15 / 84
[135, 140]; [-0.4, -0.35]: 17 / 86
[135, 140]; [-0.35, -0.3]: 17 / 88
[135, 140]; [-0.3, -0.25]: 21 / 72
[135, 140]; [-0.25, -0.2]: 23 / 72
[135, 140]; [-0.2, -0.15]: 11 / 67
[135, 140]; [-0.15, -0.1]: 9 / 80
[135, 140]; [-0.1, -0.05]: 15 / 77
[135, 140]; [-0.05, 0]: 18 / 59
[135, 140]; [0, 0.05]: 11 / 71
[135, 140]; [0.05, 0.1]: 20 / 74
[135, 140]; [0.1, 0.15]: 9 / 88
[135, 140]; [0.15, 0.2]: 15 / 79
[135, 140]; [0.2, 0.25]: 8 / 76
[135, 140]; [0.25, 0.3]: 10 / 80
[135, 140]; [0.3, 0.35]: 25 / 78
[135, 140]; [0.35, 0.4]: 18 / 71
[135, 140]; [0.4, 0.45]: 9 / 71
[135, 140]; [0.45, 0.5]: 17 / 99
[135, 140]; [0.5, 0.55]: 24 / 76
[135, 140]; [0.55, 0.6]: 21 / 83
[135, 140]; [0.6, 0.65]: 19 / 78
[135, 140]; [0.65, 0.7]: 20 / 84
[135, 140]; [0.7, 0.75]: 29 / 91
[135, 140]; [0.75, 0.8]: 26 / 105
[135, 140]; [0.8, 0.85]: 24 / 100
[135, 140]; [0.85, 0.9]: 27 / 121
[135, 140]; [0.9, 0.95]: 13 / 57
[135, 140]; [0.95, 1]: 0 / 0

[140, 145]; [-1, -0.95]: 0 / 0
[140, 145]; [-0.95, -0.9]: 11 / 41
[140, 145]; [-0.9, -0.85]: 18 / 102
[140, 145]; [-0.85, -0.8]: 22 / 96
[140, 145]; [-0.8, -0.75]: 20 / 64
[140, 145]; [-0.75, -0.7]: 16 / 73
[140, 145]; [-0.7, -0.65]: 15 / 73
[140, 145]; [-0.65, -0.6]: 18 / 57
[140, 145]; [-0.6, -0.55]: 18 / 63
[140, 145]; [-0.55, -0.5]: 16 / 61
[140, 145]; [-0.5, -0.45]: 14 / 67
[140, 145]; [-0.45, -0.4]: 17 / 68
[140, 145]; [-0.4, -0.35]: 18 / 74
[140, 145]; [-0.35, -0.3]: 14 / 62
[140, 145]; [-0.3, -0.25]: 15 / 58
[140, 145]; [-0.25, -0.2]: 7 / 46
[140, 145]; [-0.2, -0.15]: 7 / 59
[140, 145]; [-0.15, -0.1]: 8 / 52
[140, 145]; [-0.1, -0.05]: 14 / 77
[140, 145]; [-0.05, 0]: 8 / 59
[140, 145]; [0, 0.05]: 11 / 64
[140, 145]; [0.05, 0.1]: 9 / 56
[140, 145]; [0.1, 0.15]: 15 / 68
[140, 145]; [0.15, 0.2]: 5 / 62
[140, 145]; [0.2, 0.25]: 10 / 72
[140, 145]; [0.25, 0.3]: 11 / 76
[140, 145]; [0.3, 0.35]: 19 / 68
[140, 145]; [0.35, 0.4]: 12 / 56
[140, 145]; [0.4, 0.45]: 12 / 77
[140, 145]; [0.45, 0.5]: 15 / 72
[140, 145]; [0.5, 0.55]: 18 / 74
[140, 145]; [0.55, 0.6]: 15 / 65
[140, 145]; [0.6, 0.65]: 11 / 70
[140, 145]; [0.65, 0.7]: 16 / 69
[140, 145]; [0.7, 0.75]: 16 / 60
[140, 145]; [0.75, 0.8]: 12 / 76
[140, 145]; [0.8, 0.85]: 15 / 93
[140, 145]; [0.85, 0.9]: 13 / 88
[140, 145]; [0.9, 0.95]: 16 / 44
[140, 145]; [0.95, 1]: 0 / 0

[145, 150]; [-1, -0.95]: 0 / 0
[145, 150]; [-0.95, -0.9]: 8 / 41
[145, 150]; [-0.9, -0.85]: 14 / 75
[145, 150]; [-0.85, -0.8]: 12 / 53
[145, 150]; [-0.8, -0.75]: 9 / 61
[145, 150]; [-0.75, -0.7]: 17 / 42
[145, 150]; [-0.7, -0.65]: 13 / 56
[145, 150]; [-0.65, -0.6]: 13 / 61
[145, 150]; [-0.6, -0.55]: 5 / 45
[145, 150]; [-0.55, -0.5]: 13 / 49
[145, 150]; [-0.5, -0.45]: 8 / 46
[145, 150]; [-0.45, -0.4]: 5 / 45
[145, 150]; [-0.4, -0.35]: 13 / 40
[145, 150]; [-0.35, -0.3]: 10 / 50
[145, 150]; [-0.3, -0.25]: 9 / 49
[145, 150]; [-0.25, -0.2]: 7 / 58
[145, 150]; [-0.2, -0.15]: 10 / 60
[145, 150]; [-0.15, -0.1]: 9 / 55
[145, 150]; [-0.1, -0.05]: 8 / 51
[145, 150]; [-0.05, 0]: 10 / 35
[145, 150]; [0, 0.05]: 11 / 60
[145, 150]; [0.05, 0.1]: 13 / 43
[145, 150]; [0.1, 0.15]: 12 / 46
[145, 150]; [0.15, 0.2]: 10 / 49
[145, 150]; [0.2, 0.25]: 7 / 55
[145, 150]; [0.25, 0.3]: 16 / 49
[145, 150]; [0.3, 0.35]: 8 / 54
[145, 150]; [0.35, 0.4]: 13 / 52
[145, 150]; [0.4, 0.45]: 15 / 56
[145, 150]; [0.45, 0.5]: 7 / 71
[145, 150]; [0.5, 0.55]: 9 / 41
[145, 150]; [0.55, 0.6]: 15 / 48
[145, 150]; [0.6, 0.65]: 13 / 68
[145, 150]; [0.65, 0.7]: 11 / 65
[145, 150]; [0.7, 0.75]: 15 / 67
[145, 150]; [0.75, 0.8]: 17 / 56
[145, 150]; [0.8, 0.85]: 16 / 73
[145, 150]; [0.85, 0.9]: 13 / 78
[145, 150]; [0.9, 0.95]: 7 / 37
[145, 150]; [0.95, 1]: 0 / 0

[150, 155]; [-1, -0.95]: 0 / 0
[150, 155]; [-0.95, -0.9]: 10 / 26
[150, 155]; [-0.9, -0.85]: 11 / 59
[150, 155]; [-0.85, -0.8]: 10 / 47
[150, 155]; [-0.8, -0.75]: 13 / 50
[150, 155]; [-0.75, -0.7]: 12 / 55
[150, 155]; [-0.7, -0.65]: 12 / 39
[150, 155]; [-0.65, -0.6]: 14 / 49
[150, 155]; [-0.6, -0.55]: 11 / 42
[150, 155]; [-0.55, -0.5]: 16 / 33
[150, 155]; [-0.5, -0.45]: 8 / 43
[150, 155]; [-0.45, -0.4]: 14 / 40
[150, 155]; [-0.4, -0.35]: 10 / 59
[150, 155]; [-0.35, -0.3]: 14 / 45
[150, 155]; [-0.3, -0.25]: 8 / 37
[150, 155]; [-0.25, -0.2]: 7 / 40
[150, 155]; [-0.2, -0.15]: 9 / 30
[150, 155]; [-0.15, -0.1]: 8 / 39
[150, 155]; [-0.1, -0.05]: 9 / 25
[150, 155]; [-0.05, 0]: 7 / 28
[150, 155]; [0, 0.05]: 9 / 36
[150, 155]; [0.05, 0.1]: 7 / 47
[150, 155]; [0.1, 0.15]: 7 / 43
[150, 155]; [0.15, 0.2]: 10 / 44
[150, 155]; [0.2, 0.25]: 6 / 35
[150, 155]; [0.25, 0.3]: 5 / 34
[150, 155]; [0.3, 0.35]: 9 / 48
[150, 155]; [0.35, 0.4]: 6 / 44
[150, 155]; [0.4, 0.45]: 5 / 41
[150, 155]; [0.45, 0.5]: 10 / 41
[150, 155]; [0.5, 0.55]: 10 / 48
[150, 155]; [0.55, 0.6]: 13 / 50
[150, 155]; [0.6, 0.65]: 9 / 34
[150, 155]; [0.65, 0.7]: 12 / 42
[150, 155]; [0.7, 0.75]: 12 / 45
[150, 155]; [0.75, 0.8]: 10 / 53
[150, 155]; [0.8, 0.85]: 18 / 67
[150, 155]; [0.85, 0.9]: 15 / 66
[150, 155]; [0.9, 0.95]: 17 / 32
[150, 155]; [0.95, 1]: 0 / 0

[155, 160]; [-1, -0.95]: 0 / 0
[155, 160]; [-0.95, -0.9]: 10 / 28
[155, 160]; [-0.9, -0.85]: 13 / 47
[155, 160]; [-0.85, -0.8]: 14 / 52
[155, 160]; [-0.8, -0.75]: 6 / 35
[155, 160]; [-0.75, -0.7]: 7 / 37
[155, 160]; [-0.7, -0.65]: 11 / 51
[155, 160]; [-0.65, -0.6]: 14 / 23
[155, 160]; [-0.6, -0.55]: 9 / 32
[155, 160]; [-0.55, -0.5]: 8 / 43
[155, 160]; [-0.5, -0.45]: 8 / 42
[155, 160]; [-0.45, -0.4]: 4 / 39
[155, 160]; [-0.4, -0.35]: 10 / 32
[155, 160]; [-0.35, -0.3]: 11 / 46
[155, 160]; [-0.3, -0.25]: 9 / 34
[155, 160]; [-0.25, -0.2]: 6 / 33
[155, 160]; [-0.2, -0.15]: 10 / 27
[155, 160]; [-0.15, -0.1]: 6 / 35
[155, 160]; [-0.1, -0.05]: 3 / 33
[155, 160]; [-0.05, 0]: 12 / 28
[155, 160]; [0, 0.05]: 6 / 21
[155, 160]; [0.05, 0.1]: 8 / 25
[155, 160]; [0.1, 0.15]: 7 / 30
[155, 160]; [0.15, 0.2]: 4 / 30
[155, 160]; [0.2, 0.25]: 6 / 20
[155, 160]; [0.25, 0.3]: 6 / 29
[155, 160]; [0.3, 0.35]: 9 / 24
[155, 160]; [0.35, 0.4]: 7 / 26
[155, 160]; [0.4, 0.45]: 8 / 26
[155, 160]; [0.45, 0.5]: 5 / 42
[155, 160]; [0.5, 0.55]: 8 / 39
[155, 160]; [0.55, 0.6]: 5 / 28
[155, 160]; [0.6, 0.65]: 7 / 48
[155, 160]; [0.65, 0.7]: 4 / 36
[155, 160]; [0.7, 0.75]: 8 / 41
[155, 160]; [0.75, 0.8]: 9 / 52
[155, 160]; [0.8, 0.85]: 16 / 43
[155, 160]; [0.85, 0.9]: 8 / 43
[155, 160]; [0.9, 0.95]: 3 / 30
[155, 160]; [0.95, 1]: 0 / 0

[160, 170]; [-1, -0.95]: 0 / 0
[160, 170]; [-0.95, -0.9]: 15 / 41
[160, 170]; [-0.9, -0.85]: 12 / 80
[160, 170]; [-0.85, -0.8]: 13 / 75
[160, 170]; [-0.8, -0.75]: 15 / 71
[160, 170]; [-0.75, -0.7]: 15 / 62
[160, 170]; [-0.7, -0.65]: 11 / 60
[160, 170]; [-0.65, -0.6]: 6 / 65
[160, 170]; [-0.6, -0.55]: 8 / 49
[160, 170]; [-0.55, -0.5]: 12 / 54
[160, 170]; [-0.5, -0.45]: 11 / 51
[160, 170]; [-0.45, -0.4]: 14 / 46
[160, 170]; [-0.4, -0.35]: 13 / 52
[160, 170]; [-0.35, -0.3]: 13 / 50
[160, 170]; [-0.3, -0.25]: 7 / 39
[160, 170]; [-0.25, -0.2]: 12 / 48
[160, 170]; [-0.2, -0.15]: 7 / 44
[160, 170]; [-0.15, -0.1]: 14 / 47
[160, 170]; [-0.1, -0.05]: 8 / 40
[160, 170]; [-0.05, 0]: 12 / 51
[160, 170]; [0, 0.05]: 6 / 48
[160, 170]; [0.05, 0.1]: 6 / 48
[160, 170]; [0.1, 0.15]: 16 / 51
[160, 170]; [0.15, 0.2]: 15 / 49
[160, 170]; [0.2, 0.25]: 4 / 39
[160, 170]; [0.25, 0.3]: 9 / 41
[160, 170]; [0.3, 0.35]: 10 / 57
[160, 170]; [0.35, 0.4]: 8 / 46
[160, 170]; [0.4, 0.45]: 8 / 42
[160, 170]; [0.45, 0.5]: 9 / 67
[160, 170]; [0.5, 0.55]: 14 / 59
[160, 170]; [0.55, 0.6]: 14 / 61
[160, 170]; [0.6, 0.65]: 11 / 53
[160, 170]; [0.65, 0.7]: 8 / 43
[160, 170]; [0.7, 0.75]: 17 / 58
[160, 170]; [0.75, 0.8]: 19 / 62
[160, 170]; [0.8, 0.85]: 17 / 66
[160, 170]; [0.85, 0.9]: 24 / 58
[160, 170]; [0.9, 0.95]: 10 / 46
[160, 170]; [0.95, 1]: 0 / 0

[170, 180]; [-1, -0.95]: 0 / 0
[170, 180]; [-0.95, -0.9]: 8 / 52
[170, 180]; [-0.9, -0.85]: 14 / 49
[170, 180]; [-0.85, -0.8]: 14 / 35
[170, 180]; [-0.8, -0.75]: 7 / 40
[170, 180]; [-0.75, -0.7]: 5 / 27
[170, 180]; [-0.7, -0.65]: 5 / 45
[170, 180]; [-0.65, -0.6]: 8 / 33
[170, 180]; [-0.6, -0.55]: 6 / 53
[170, 180]; [-0.55, -0.5]: 7 / 37
[170, 180]; [-0.5, -0.45]: 5 / 30
[170, 180]; [-0.45, -0.4]: 6 / 37
[170, 180]; [-0.4, -0.35]: 9 / 39
[170, 180]; [-0.35, -0.3]: 4 / 28
[170, 180]; [-0.3, -0.25]: 3 / 30
[170, 180]; [-0.25, -0.2]: 4 / 29
[170, 180]; [-0.2, -0.15]: 9 / 36
[170, 180]; [-0.15, -0.1]: 7 / 39
[170, 180]; [-0.1, -0.05]: 7 / 29
[170, 180]; [-0.05, 0]: 4 / 32
[170, 180]; [0, 0.05]: 6 / 29
[170, 180]; [0.05, 0.1]: 9 / 30
[170, 180]; [0.1, 0.15]: 9 / 38
[170, 180]; [0.15, 0.2]: 6 / 24
[170, 180]; [0.2, 0.25]: 5 / 25
[170, 180]; [0.25, 0.3]: 8 / 34
[170, 180]; [0.3, 0.35]: 13 / 42
[170, 180]; [0.35, 0.4]: 4 / 31
[170, 180]; [0.4, 0.45]: 10 / 37
[170, 180]; [0.45, 0.5]: 7 / 37
[170, 180]; [0.5, 0.55]: 8 / 41
[170, 180]; [0.55, 0.6]: 5 / 41
[170, 180]; [0.6, 0.65]: 10 / 35
[170, 180]; [0.65, 0.7]: 11 / 43
[170, 180]; [0.7, 0.75]: 9 / 40
[170, 180]; [0.75, 0.8]: 11 / 32
[170, 180]; [0.8, 0.85]: 8 / 52
[170, 180]; [0.85, 0.9]: 13 / 41
[170, 180]; [0.9, 0.95]: 9 / 35
[170, 180]; [0.95, 1]: 0 / 0

[180, 190]; [-1, -0.95]: 0 / 0
[180, 190]; [-0.95, -0.9]: 13 / 30
[180, 190]; [-0.9, -0.85]: 8 / 30
[180, 190]; [-0.85, -0.8]: 5 / 38
[180, 190]; [-0.8, -0.75]: 3 / 32
[180, 190]; [-0.75, -0.7]: 9 / 18
[180, 190]; [-0.7, -0.65]: 4 / 22
[180, 190]; [-0.65, -0.6]: 4 / 28
[180, 190]; [-0.6, -0.55]: 5 / 18
[180, 190]; [-0.55, -0.5]: 6 / 23
[180, 190]; [-0.5, -0.45]: 6 / 20
[180, 190]; [-0.45, -0.4]: 7 / 25
[180, 190]; [-0.4, -0.35]: 6 / 22
[180, 190]; [-0.35, -0.3]: 7 / 21
[180, 190]; [-0.3, -0.25]: 3 / 19
[180, 190]; [-0.25, -0.2]: 3 / 22
[180, 190]; [-0.2, -0.15]: 4 / 17
[180, 190]; [-0.15, -0.1]: 2 / 25
[180, 190]; [-0.1, -0.05]: 6 / 20
[180, 190]; [-0.05, 0]: 6 / 20
[180, 190]; [0, 0.05]: 6 / 21
[180, 190]; [0.05, 0.1]: 8 / 23
[180, 190]; [0.1, 0.15]: 5 / 18
[180, 190]; [0.15, 0.2]: 6 / 22
[180, 190]; [0.2, 0.25]: 5 / 24
[180, 190]; [0.25, 0.3]: 4 / 15
[180, 190]; [0.3, 0.35]: 2 / 23
[180, 190]; [0.35, 0.4]: 4 / 29
[180, 190]; [0.4, 0.45]: 6 / 27
[180, 190]; [0.45, 0.5]: 8 / 25
[180, 190]; [0.5, 0.55]: 8 / 20
[180, 190]; [0.55, 0.6]: 10 / 28
[180, 190]; [0.6, 0.65]: 5 / 25
[180, 190]; [0.65, 0.7]: 5 / 17
[180, 190]; [0.7, 0.75]: 5 / 31
[180, 190]; [0.75, 0.8]: 15 / 24
[180, 190]; [0.8, 0.85]: 7 / 29
[180, 190]; [0.85, 0.9]: 11 / 36
[180, 190]; [0.9, 0.95]: 8 / 33
[180, 190]; [0.95, 1]: 0 / 0

[190, 200]; [-1, -0.95]: 0 / 0
[190, 200]; [-0.95, -0.9]: 13 / 15
[190, 200]; [-0.9, -0.85]: 6 / 20
[190, 200]; [-0.85, -0.8]: 3 / 15
[190, 200]; [-0.8, -0.75]: 3 / 27
[190, 200]; [-0.75, -0.7]: 4 / 18
[190, 200]; [-0.7, -0.65]: 5 / 20
[190, 200]; [-0.65, -0.6]: 4 / 13
[190, 200]; [-0.6, -0.55]: 5 / 24
[190, 200]; [-0.55, -0.5]: 7 / 21
[190, 200]; [-0.5, -0.45]: 5 / 22
[190, 200]; [-0.45, -0.4]: 3 / 16
[190, 200]; [-0.4, -0.35]: 7 / 19
[190, 200]; [-0.35, -0.3]: 3 / 13
[190, 200]; [-0.3, -0.25]: 2 / 10
[190, 200]; [-0.25, -0.2]: 5 / 21
[190, 200]; [-0.2, -0.15]: 3 / 10
[190, 200]; [-0.15, -0.1]: 4 / 15
[190, 200]; [-0.1, -0.05]: 3 / 11
[190, 200]; [-0.05, 0]: 8 / 20
[190, 200]; [0, 0.05]: 3 / 14
[190, 200]; [0.05, 0.1]: 2 / 10
[190, 200]; [0.1, 0.15]: 3 / 21
[190, 200]; [0.15, 0.2]: 9 / 9
[190, 200]; [0.2, 0.25]: 3 / 17
[190, 200]; [0.25, 0.3]: 3 / 20
[190, 200]; [0.3, 0.35]: 2 / 22
[190, 200]; [0.35, 0.4]: 3 / 11
[190, 200]; [0.4, 0.45]: 3 / 13
[190, 200]; [0.45, 0.5]: 4 / 20
[190, 200]; [0.5, 0.55]: 4 / 21
[190, 200]; [0.55, 0.6]: 2 / 26
[190, 200]; [0.6, 0.65]: 3 / 15
[190, 200]; [0.65, 0.7]: 5 / 19
[190, 200]; [0.7, 0.75]: 4 / 11
[190, 200]; [0.75, 0.8]: 6 / 18
[190, 200]; [0.8, 0.85]: 10 / 22
[190, 200]; [0.85, 0.9]: 5 / 31
[190, 200]; [0.9, 0.95]: 2 / 26
[190, 200]; [0.95, 1]: 0 / 0

